  0.0000000E+00  1.2172700E-02  8.7167924E-03  0.0000000E+00 -1.1381801E+00
  0.0000000E+00  1.0366401E-02  8.0076308E-03  0.0000000E+00 -1.0556094E+00
  0.0000000E+00  1.0145838E-02  1.3836227E-02  0.0000000E+00 -1.1090883E+00
  0.0000000E+00  2.1705279E-02 -3.8665837E-04  0.0000000E+00 -1.1281011E+00
  0.0000000E+00  3.7446287E-03  8.5696042E-03  0.0000000E+00 -1.1215096E+00
  0.0000000E+00  1.0384175E-02  6.6457139E-03  0.0000000E+00 -1.0545600E+00
  1.0000000E+00  4.6043030E-03  1.4184867E-02 -5.5546827E-03 -1.1501243E+00
  1.0000000E+00  3.4886078E-03 -7.2418684E-04  1.0950505E-03 -1.0509814E+00
  1.0000000E+00  4.9111913E-03  1.9000167E-02  1.0374817E-03 -1.0980142E+00
  1.0000000E+00  2.0179803E-02 -5.9048613E-03 -1.0736220E-03 -1.1268022E+00
  1.0000000E+00  1.1636234E-03  1.5634503E-03 -4.9203404E-03 -1.1168450E+00
  1.0000000E+00  3.4305774E-03  5.4343963E-03  6.4765229E-03 -1.0561123E+00
  2.0000000E+00  3.4826091E-03  1.5162153E-02 -7.5939993E-04 -1.1395087E+00
  2.0000000E+00  1.3879410E-03 -1.6879107E-03 -2.9770238E-03 -1.0446189E+00
  2.0000000E+00  5.7093096E-04  1.9500267E-02 -1.1195003E-03 -1.0945023E+00
  2.0000000E+00  2.0560039E-02 -6.1481115E-03 -2.7520395E-03 -1.1205431E+00
  2.0000000E+00 -8.4113976E-05  3.2714533E-03 -4.6215287E-03 -1.1000456E+00
  2.0000000E+00  2.3346315E-03  8.7008131E-03  6.9458706E-03 -1.0481068E+00
  3.0000000E+00 -5.8454471E-04  1.3611036E-02 -9.8563455E-04 -1.0772366E+00
  3.0000000E+00 -3.2147323E-03 -1.3803674E-03 -7.0509243E-03 -1.0394075E+00
  3.0000000E+00  1.6396294E-03  1.9493977E-02 -4.6449113E-03 -1.0819575E+00
  3.0000000E+00  2.1656706E-02 -6.7619851E-03 -5.4572951E-03 -1.1094804E+00
  3.0000000E+00 -1.6098988E-03  4.6595387E-03 -4.0988633E-03 -1.0846478E+00
  3.0000000E+00  2.2962581E-03  1.0826369E-02  7.9825552E-03 -1.0326600E+00
  4.0000000E+00 -5.0933922E-03  1.2321111E-02  3.0568346E-03 -1.0707892E+00
  4.0000000E+00 -6.6099372E-03  3.6928831E-03 -9.7835547E-03 -1.0289722E+00
  4.0000000E+00  3.0507984E-03  1.9090827E-02 -8.4806933E-03 -1.0712967E+00
  4.0000000E+00  2.2303656E-02 -9.0996582E-03 -8.5168964E-03 -1.1027726E+00
  4.0000000E+00 -3.5318488E-03  5.0703296E-03 -4.8025101E-03 -1.0710160E+00
  4.0000000E+00  3.0951856E-03  1.0668962E-02  1.2012519E-02 -1.0245276E+00
  5.0000000E+00 -6.6904454E-03  1.4119089E-02  6.0544875E-03 -1.0683150E+00
  5.0000000E+00 -3.4751704E-03  8.7307135E-03 -7.6389060E-03 -1.0262849E+00
  5.0000000E+00  6.6518335E-03  1.7795233E-02 -1.1816896E-02 -1.0680486E+00
  5.0000000E+00  2.1677177E-02 -1.0241860E-02 -1.1341479E-02 -1.1058714E+00
  5.0000000E+00 -5.5434545E-03  6.9219379E-03 -6.3058256E-03 -1.0587929E+00
  5.0000000E+00  1.2380519E-03  1.1912883E-02  1.6459831E-02 -1.0184187E+00
  6.0000000E+00 -1.6755601E-03  1.4117351E-02  9.6431063E-03 -1.0613992E+00
  6.0000000E+00  3.2515655E-03  1.1148581E-02 -1.6573267E-03 -1.0261682E+00
  6.0000000E+00  1.0021337E-02  1.5855016E-02 -1.5187349E-02 -1.0644268E+00
  6.0000000E+00  1.7904610E-02 -9.9313608E-03 -1.4210828E-02 -1.1059356E+00
  6.0000000E+00 -9.3452758E-03  9.1633013E-03 -8.4638431E-03 -1.0440362E+00
  6.0000000E+00 -3.8382696E-03  1.3318216E-02  1.9457002E-02 -1.0068556E+00
  7.0000000E+00 -1.4412960E-03  1.0975184E-02  1.3002660E-02 -1.0593993E+00
  7.0000000E+00  8.0107615E-03  9.5560745E-03  3.7526772E-03 -1.0194963E+00
  7.0000000E+00  1.0830223E-02  1.2730848E-02 -1.5495243E-02 -1.0676064E+00
  7.0000000E+00  1.4501356E-02 -1.0521207E-02 -1.7266419E-02 -1.0980900E+00
  7.0000000E+00 -1.3348521E-02  9.7167222E-03 -9.0162698E-03 -1.0354639E+00
  7.0000000E+00 -9.8678725E-03  1.4896222E-02  2.1577581E-02 -9.9152445E-01
  8.0000000E+00 -4.3513406E-03  1.1923717E-02  1.0977899E-02 -1.0265854E+00
  8.0000000E+00  1.0134637E-02  7.6413111E-03  8.7632042E-03 -1.0206948E+00
  8.0000000E+00  9.6472249E-03  9.8823091E-03 -1.4529831E-02 -1.0683211E+00
  8.0000000E+00  1.1857963E-02 -1.1033375E-02 -1.9792332E-02 -1.0889657E+00
  8.0000000E+00 -1.8928554E-02  9.6393733E-03 -9.0299642E-03 -1.0320379E+00
  8.0000000E+00 -1.6967068E-02  1.7257891E-02  2.4577897E-02 -9.8484461E-01
  9.0000000E+00 -1.0614446E-02  1.4578616E-02  1.0263859E-02 -1.0046922E+00
  9.0000000E+00  8.6748780E-03  7.4093655E-03  8.7470520E-03 -1.0078413E+00
  9.0000000E+00  8.4296501E-03  7.9976833E-03 -1.2756019E-02 -1.0619302E+00
  9.0000000E+00  8.4911283E-03 -1.0414990E-02 -2.2188409E-02 -1.0774492E+00
  9.0000000E+00 -2.5604564E-02  9.2592095E-03 -1.1425300E-02 -1.0200205E+00
  9.0000000E+00 -2.2729073E-02  1.9907131E-02  2.6898066E-02 -9.7747934E-01
  1.0000000E+01 -9.5190594E-03  1.7752292E-02  8.7775632E-03 -9.7893367E-01
  1.0000000E+01  5.8068789E-03  7.7569256E-03  5.9849987E-03 -9.9296675E-01
  1.0000000E+01  7.5389542E-03  6.2903899E-03 -1.2587824E-02 -1.0475305E+00
  1.0000000E+01  5.6293053E-03 -8.1386154E-03 -2.3911965E-02 -1.0691402E+00
  1.0000000E+01 -3.1209068E-02  1.0932176E-02 -1.6147358E-02 -1.0022824E+00
  1.0000000E+01 -2.5175147E-02  2.3413334E-02  2.8443685E-02 -9.6578064E-01
  1.1000000E+01 -6.2024397E-03  2.1336963E-02  9.1487479E-03 -9.8247036E-01
  1.1000000E+01  5.1304203E-03  8.3244851E-03  3.8637227E-03 -9.8746269E-01
  1.1000000E+01  6.2181118E-03  4.4568366E-03 -1.3153477E-02 -1.0343352E+00
  1.1000000E+01  3.8237346E-03 -5.6355421E-03 -2.4341811E-02 -1.0636861E+00
  1.1000000E+01 -3.5559801E-02  1.5034771E-02 -2.2032512E-02 -9.8718246E-01
  1.1000000E+01 -2.5524038E-02  2.7967728E-02  3.1294796E-02 -9.5333884E-01
  1.2000000E+01 -9.2255923E-03  2.5481241E-02  8.6855656E-03 -9.8137200E-01
  1.2000000E+01  6.8360367E-03  9.9405198E-03  2.7490250E-03 -9.8351569E-01
  1.2000000E+01  3.2735346E-03  3.8231063E-03 -1.3678721E-02 -1.0266774E+00
  1.2000000E+01  3.1124588E-03 -4.3587761E-03 -2.5001586E-02 -1.0560786E+00
  1.2000000E+01 -3.9311089E-02  2.0928482E-02 -2.7732070E-02 -9.7915984E-01
  1.2000000E+01 -2.7516529E-02  3.3037966E-02  3.5224450E-02 -9.3393702E-01
  1.3000000E+01 -1.0153611E-02  3.1056607E-02  6.8616477E-03 -9.5843441E-01
  1.3000000E+01  9.4619980E-03  1.0966277E-02  4.1774435E-03 -9.8256024E-01
  1.3000000E+01 -6.2715846E-04  2.8603797E-03 -1.4654893E-02 -1.0181604E+00
  1.3000000E+01  3.2594577E-03 -4.0368929E-03 -2.6779469E-02 -1.0444388E+00
  1.3000000E+01 -4.3317171E-02  2.7067337E-02 -3.4034440E-02 -9.7604186E-01
  1.3000000E+01 -3.2108106E-02  3.8062428E-02  3.9885474E-02 -9.1608087E-01
  1.4000000E+01 -1.0436140E-02  3.6351068E-02  1.0573658E-02 -9.6997720E-01
  1.4000000E+01  1.2420600E-02  1.1342936E-02  5.4997412E-03 -9.7595192E-01
  1.4000000E+01 -3.9148861E-03  2.4371129E-03 -1.5289746E-02 -1.0107996E+00
  1.4000000E+01  4.2153933E-03 -3.4917859E-03 -2.9652515E-02 -1.0291799E+00
  1.4000000E+01 -4.6880139E-02  3.3349826E-02 -4.0968350E-02 -9.6750542E-01
  1.4000000E+01 -3.8884675E-02  4.2682319E-02  4.5252638E-02 -9.0134089E-01
  1.5000000E+01 -1.2557047E-02  4.0506681E-02  1.3813427E-02 -9.7067631E-01
  1.5000000E+01  1.5015170E-02  1.1232610E-02  7.5063981E-03 -9.7236754E-01
  1.5000000E+01 -8.8960701E-03  2.8348107E-03 -1.5022793E-02 -1.0067822E+00
  1.5000000E+01  5.7816679E-03 -2.5209034E-03 -3.2791347E-02 -1.0167983E+00
  1.5000000E+01 -5.1269522E-02  3.9920869E-02 -4.8074417E-02 -9.5575739E-01
  1.5000000E+01 -4.6129323E-02  4.7560738E-02  5.2649642E-02 -8.8814700E-01
  1.6000000E+01 -1.4474581E-02  4.3004011E-02  1.4029809E-02 -9.5464035E-01
  1.6000000E+01  1.7428995E-02  1.0091446E-02  8.9576364E-03 -9.6810625E-01
  1.6000000E+01 -1.3807856E-02  4.2434323E-03 -1.3124944E-02 -1.0037018E+00
  1.6000000E+01  6.9290626E-03 -1.1487086E-03 -3.6092608E-02 -1.0106118E+00
  1.6000000E+01 -5.7353844E-02  4.6683909E-02 -5.5347212E-02 -9.4934188E-01
  1.6000000E+01 -5.2399354E-02  5.3907819E-02  6.1724507E-02 -8.7396876E-01
  1.7000000E+01 -1.7399294E-02  4.8191637E-02  1.3491341E-02 -9.3590451E-01
  1.7000000E+01  1.9641006E-02  9.3811572E-03  9.2366028E-03 -9.6271253E-01
  1.7000000E+01 -1.7511092E-02  7.3778392E-03 -1.0746000E-02 -9.9709842E-01
  1.7000000E+01  6.2946451E-03  2.6931334E-04 -3.9991412E-02 -1.0076074E+00
  1.7000000E+01 -6.6140411E-02  5.3922307E-02 -6.4109759E-02 -9.4583750E-01
  1.7000000E+01 -5.9202696E-02  6.0796077E-02  7.2390931E-02 -8.5478420E-01
  1.8000000E+01 -1.9107612E-02  5.3250074E-02  1.3081342E-02 -9.1936819E-01
  1.8000000E+01  2.1843671E-02  8.9398269E-03  1.0221961E-02 -9.6240153E-01
  1.8000000E+01 -2.0479813E-02  1.0550742E-02 -7.4483339E-03 -9.8866544E-01
  1.8000000E+01  4.7148636E-03  1.3842032E-03 -4.3900353E-02 -1.0014902E+00
  1.8000000E+01 -7.6523608E-02  6.1859191E-02 -7.4945608E-02 -9.4156439E-01
  1.8000000E+01 -6.6280692E-02  6.6323379E-02  8.4598063E-02 -8.2935403E-01
  1.9000000E+01 -1.7754587E-02  5.8064982E-02  1.4180751E-02 -9.0861786E-01
  1.9000000E+01  2.5167895E-02  8.9313799E-03  1.1700143E-02 -9.5545882E-01
  1.9000000E+01 -2.3079523E-02  1.3145651E-02 -3.5317719E-03 -9.8284484E-01
  1.9000000E+01  3.0656285E-03  2.7159968E-03 -4.8401736E-02 -9.9114337E-01
  1.9000000E+01 -8.7809216E-02  7.2023483E-02 -8.7453524E-02 -9.3323115E-01
  1.9000000E+01 -7.2789253E-02  7.0158697E-02  9.8345727E-02 -7.9491273E-01
  2.0000000E+01 -1.9148485E-02  6.3015863E-02  1.6609696E-02 -8.8967376E-01
  2.0000000E+01  2.9766876E-02  8.6944327E-03  1.4138447E-02 -9.4644920E-01
  2.0000000E+01 -2.5386272E-02  1.5137313E-02  1.0657286E-03 -9.7882064E-01
  2.0000000E+01  7.2038047E-04  4.6254499E-03 -5.3636801E-02 -9.8438129E-01
  2.0000000E+01 -1.0083794E-01  8.4165841E-02 -1.0146838E-01 -9.2117738E-01
  2.0000000E+01 -7.8938109E-02  7.2992555E-02  1.1282148E-01 -7.5339803E-01
  2.1000000E+01 -2.0227941E-02  6.6962968E-02  2.0092836E-02 -8.7171801E-01
  2.1000000E+01  3.4904944E-02  7.5013823E-03  1.6978058E-02 -9.4037385E-01
  2.1000000E+01 -2.7074851E-02  1.7058049E-02  5.9449072E-03 -9.7073990E-01
  2.1000000E+01 -2.9998264E-03  7.0456845E-03 -6.0370061E-02 -9.8280923E-01
  2.1000000E+01 -1.1500055E-01  9.8699509E-02 -1.1554321E-01 -9.0838123E-01
  2.1000000E+01 -8.4332909E-02  7.5309665E-02  1.2777264E-01 -7.0850298E-01
  2.2000000E+01 -2.0638688E-02  7.2522746E-02  2.6127188E-02 -8.6124405E-01
  2.2000000E+01  4.0965292E-02  5.4130816E-03  1.9725180E-02 -9.3197038E-01
  2.2000000E+01 -2.8506132E-02  1.9073524E-02  1.1214452E-02 -9.5739099E-01
  2.2000000E+01 -7.4496793E-03  9.9488203E-03 -6.8870185E-02 -9.7858148E-01
  2.2000000E+01 -1.3074709E-01  1.1589113E-01 -1.2859382E-01 -8.9458856E-01
  2.2000000E+01 -8.8248173E-02  7.7267895E-02  1.4415077E-01 -6.5937308E-01
  2.3000000E+01 -2.2104334E-02  7.8086080E-02  3.3250640E-02 -8.4233621E-01
  2.3000000E+01  4.8233033E-02  2.7300617E-03  2.2879827E-02 -9.2331811E-01
  2.3000000E+01 -3.0144547E-02  2.1030890E-02  1.7789866E-02 -9.4438599E-01
  2.3000000E+01 -1.1845922E-02  1.4088272E-02 -7.9266345E-02 -9.6724026E-01
  2.3000000E+01 -1.4737282E-01  1.3518968E-01 -1.4012808E-01 -8.7632253E-01
  2.3000000E+01 -8.9316336E-02  7.8756317E-02  1.6091410E-01 -6.0662736E-01
  2.4000000E+01 -2.3047640E-02  8.3002915E-02  3.9838365E-02 -8.1633092E-01
  2.4000000E+01  5.5976796E-02 -8.6888119E-04  2.6765937E-02 -9.1553176E-01
  2.4000000E+01 -3.1633377E-02  2.2696710E-02  2.5448997E-02 -9.3366191E-01
  2.4000000E+01 -1.6767407E-02  2.0032917E-02 -9.1732486E-02 -9.5446100E-01
  2.4000000E+01 -1.6388724E-01  1.5645521E-01 -1.5082927E-01 -8.5136884E-01
  2.4000000E+01 -8.6536694E-02  8.1145987E-02  1.7759515E-01 -5.5944335E-01
  2.5000000E+01 -2.3904198E-02  8.8381923E-02  4.7468808E-02 -7.9182425E-01
  2.5000000E+01  6.4993177E-02 -5.6844501E-03  3.0918435E-02 -9.0519624E-01
  2.5000000E+01 -3.2597251E-02  2.4444123E-02  3.3487706E-02 -9.1996149E-01
  2.5000000E+01 -2.3008431E-02  2.8359572E-02 -1.0626751E-01 -9.4301567E-01
  2.5000000E+01 -1.8011316E-01  1.7909971E-01 -1.6046167E-01 -8.2587708E-01
  2.5000000E+01 -8.1281591E-02  8.5248158E-02  1.9348028E-01 -5.2177752E-01
  2.6000000E+01 -2.2889635E-02  9.4143014E-02  5.4245115E-02 -7.6356152E-01
  2.6000000E+01  7.5366838E-02 -1.0523934E-02  3.6083621E-02 -8.9058287E-01
  2.6000000E+01 -3.3512605E-02  2.5741940E-02  4.1812226E-02 -9.0218543E-01
  2.6000000E+01 -3.0225001E-02  3.9362170E-02 -1.2337507E-01 -9.2869489E-01
  2.6000000E+01 -1.9718316E-01  2.0222217E-01 -1.6730868E-01 -8.0422751E-01
  2.6000000E+01 -7.4143000E-02  9.2165968E-02  2.0987481E-01 -4.9737197E-01
  2.7000000E+01 -1.9765124E-02  9.9129681E-02  6.2886710E-02 -7.4335442E-01
  2.7000000E+01  8.6202924E-02 -1.6160713E-02  4.2570831E-02 -8.7377133E-01
  2.7000000E+01 -3.4051670E-02  2.6401894E-02  5.1186215E-02 -8.8425921E-01
  2.7000000E+01 -3.7600164E-02  5.3661957E-02 -1.4330215E-01 -9.0935648E-01
  2.7000000E+01 -2.1687433E-01  2.2420813E-01 -1.7025055E-01 -7.8383715E-01
  2.7000000E+01 -6.8018080E-02  1.0338328E-01  2.2716947E-01 -4.8564971E-01
  2.8000000E+01 -1.7013654E-02  1.0230916E-01  7.3880744E-02 -7.2218645E-01
  2.8000000E+01  9.7751577E-02 -2.3237509E-02  5.0464412E-02 -8.5795457E-01
  2.8000000E+01 -3.4826727E-02  2.6975778E-02  6.1635710E-02 -8.6806392E-01
  2.8000000E+01 -4.4439420E-02  7.1225649E-02 -1.6689063E-01 -8.8628699E-01
  2.8000000E+01 -2.4014499E-01  2.4447681E-01 -1.6832255E-01 -7.6318849E-01
  2.8000000E+01 -6.6277902E-02  1.1724091E-01  2.4402962E-01 -4.7831972E-01
  2.9000000E+01 -1.4250194E-02  1.0241409E-01  8.5977942E-02 -6.9726286E-01
  2.9000000E+01  1.0999382E-01 -3.1453131E-02  5.9345000E-02 -8.4000923E-01
  2.9000000E+01 -3.5738495E-02  2.7599043E-02  7.3236147E-02 -8.5313363E-01
  2.9000000E+01 -4.9191872E-02  9.1974696E-02 -1.9482812E-01 -8.5644844E-01
  2.9000000E+01 -2.6854235E-01  2.6370494E-01 -1.6025798E-01 -7.3872526E-01
  2.9000000E+01 -6.9545750E-02  1.3201268E-01  2.6021337E-01 -4.6852968E-01
  3.0000000E+01 -1.0330638E-02  1.0100958E-01  1.0028201E-01 -6.7376865E-01
  3.0000000E+01  1.2320751E-01 -4.0517370E-02  6.8401016E-02 -8.1443338E-01
  3.0000000E+01 -3.6210202E-02  2.8462706E-02  8.5637986E-02 -8.3658182E-01
  3.0000000E+01 -4.9888126E-02  1.1654059E-01 -2.2812159E-01 -8.1292039E-01
  3.0000000E+01 -3.0180637E-01  2.8324668E-01 -1.4508408E-01 -7.0190977E-01
  3.0000000E+01 -7.6812292E-02  1.4589770E-01  2.7453226E-01 -4.4099578E-01
  3.1000000E+01 -5.8359856E-03  9.8963445E-02  1.1398883E-01 -6.4514939E-01
  3.1000000E+01  1.3660063E-01 -4.9678490E-02  7.7975419E-02 -7.7903168E-01
  3.1000000E+01 -3.6050731E-02  2.9071098E-02  9.8961874E-02 -8.1989014E-01
  3.1000000E+01 -4.3341602E-02  1.4466813E-01 -2.6709956E-01 -7.5741532E-01
  3.1000000E+01 -3.3561449E-01  3.0506731E-01 -1.2395830E-01 -6.4771853E-01
  3.1000000E+01 -8.3910327E-02  1.5881628E-01  2.8646181E-01 -3.9253060E-01
  3.2000000E+01  5.5296758E-04  9.5107579E-02  1.2770756E-01 -6.2822818E-01
  3.2000000E+01  1.4872523E-01 -5.9538052E-02  8.8061783E-02 -7.3595323E-01
  3.2000000E+01 -3.5538515E-02  2.9008357E-02  1.1288312E-01 -8.0360668E-01
  3.2000000E+01 -2.5194188E-02  1.7531006E-01 -3.1246170E-01 -6.9591040E-01
  3.2000000E+01 -3.6424774E-01  3.3180899E-01 -9.9499805E-02 -5.8329946E-01
  3.2000000E+01 -8.7798028E-02  1.7270433E-01  2.9520249E-01 -3.3114959E-01
  3.3000000E+01  8.4208527E-03  8.9788104E-02  1.4179966E-01 -6.2469104E-01
  3.3000000E+01  1.5998233E-01 -6.9686106E-02  9.9906527E-02 -6.8848148E-01
  3.3000000E+01 -3.4949459E-02  2.7681569E-02  1.2718522E-01 -7.8479779E-01
  3.3000000E+01  9.8061163E-03  2.0538465E-01 -3.6502645E-01 -6.3591501E-01
  3.3000000E+01 -3.8562104E-01  3.6543414E-01 -7.3699769E-02 -5.2523518E-01
  3.3000000E+01 -8.6072661E-02  1.9051131E-01  3.0070855E-01 -2.6892422E-01
  3.4000000E+01  1.6896904E-02  8.3206715E-02  1.5548070E-01 -6.2736414E-01
  3.4000000E+01  1.6996516E-01 -7.9407967E-02  1.1378393E-01 -6.3347138E-01
  3.4000000E+01 -3.3379905E-02  2.5089956E-02  1.4226898E-01 -7.6285042E-01
  3.4000000E+01  6.4775934E-02  2.3039584E-01 -4.2512542E-01 -5.9048384E-01
  3.4000000E+01 -4.0345262E-01  4.0612231E-01 -4.8297995E-02 -4.7815794E-01
  3.4000000E+01 -7.9743392E-02  2.1596390E-01  3.0335963E-01 -2.2142411E-01
  3.5000000E+01  2.6094921E-02  7.4076061E-02  1.7031983E-01 -6.3309757E-01
  3.5000000E+01  1.7743344E-01 -8.9516522E-02  1.2969585E-01 -5.7121495E-01
  3.5000000E+01 -3.0238853E-02  2.1626990E-02  1.5823360E-01 -7.3914753E-01
  3.5000000E+01  1.3634748E-01  2.4480005E-01 -4.9264269E-01 -5.8017331E-01
  3.5000000E+01 -4.2140513E-01  4.5066095E-01 -2.5730471E-02 -4.1275426E-01
  3.5000000E+01 -7.4452169E-02  2.4868818E-01  3.0328617E-01 -1.9437989E-01
  3.6000000E+01  3.6003414E-02  6.2325428E-02  1.8533146E-01 -6.3879743E-01
  3.6000000E+01  1.8186395E-01 -1.0034297E-01  1.4768870E-01 -5.0636204E-01
  3.6000000E+01 -2.5425265E-02  1.7750167E-02  1.7489514E-01 -7.1669469E-01
  3.6000000E+01  2.1404589E-01  2.4469378E-01 -5.6669091E-01 -6.1844990E-01
  3.6000000E+01 -4.2584482E-01  4.9172437E-01 -8.4871097E-03 -2.8266572E-01
  3.6000000E+01 -7.4650556E-02  2.8427394E-01  3.0121929E-01 -1.7794946E-01
  3.7000000E+01  4.5858318E-02  4.8006782E-02  2.0083011E-01 -6.4942062E-01
  3.7000000E+01  1.8327812E-01 -1.1148696E-01  1.6705449E-01 -4.4200415E-01
  3.7000000E+01 -1.9491723E-02  1.3621459E-02  1.9177464E-01 -6.9828247E-01
  3.7000000E+01  2.8518492E-01  2.3068094E-01 -6.4572560E-01 -6.9246496E-01
  3.7000000E+01 -3.8256667E-01  5.2562258E-01  2.4729347E-03 -1.2042217E-01
  3.7000000E+01 -7.8512040E-02  3.1758550E-01  2.9858596E-01 -1.5351669E-01
  3.8000000E+01  5.5302833E-02  3.1546308E-02  2.1680144E-01 -6.6467045E-01
  3.8000000E+01  1.8197341E-01 -1.2232754E-01  1.8777244E-01 -3.8108157E-01
  3.8000000E+01 -1.2399852E-02  9.0377533E-03  2.0885515E-01 -6.8515070E-01
  3.8000000E+01  3.4290329E-01  2.0751537E-01 -7.2515222E-01 -7.7467004E-01
  3.8000000E+01 -2.9399359E-01  5.6545232E-01  1.0530531E-02 -8.7233649E-02
  3.8000000E+01 -8.0165153E-02  3.4645849E-01  2.9664221E-01 -1.1545618E-01
  3.9000000E+01  6.3649344E-02  1.5790083E-02  2.3211383E-01 -6.8250764E-01
  3.9000000E+01  1.7863390E-01 -1.3288690E-01  2.0988766E-01 -3.2602013E-01
  3.9000000E+01 -3.5897236E-03  4.3274874E-03  2.2596161E-01 -6.7515212E-01
  3.9000000E+01  3.9160141E-01  1.8055022E-01 -7.9818903E-01 -8.4411670E-01
  3.9000000E+01 -2.4751436E-01  6.2431437E-01  1.8775089E-02 -1.8163328E-01
  3.9000000E+01 -7.6739896E-02  3.7010721E-01  2.9581241E-01 -7.8030881E-02
  4.0000000E+01  6.9275081E-02  1.5674995E-03  2.4657327E-01 -7.0206651E-01
  4.0000000E+01  1.7553222E-01 -1.4315367E-01  2.3379338E-01 -2.8142640E-01
  4.0000000E+01  6.7014609E-03 -3.3293962E-04  2.4281759E-01 -6.6589823E-01
  4.0000000E+01  4.4315637E-01  1.5214027E-01 -8.5922691E-01 -8.9024885E-01
  4.0000000E+01 -2.5081334E-01  6.8641006E-01  1.7156402E-02 -7.0796659E-02
  4.0000000E+01 -7.1256903E-02  3.8612993E-01  2.9620940E-01 -6.3953183E-02
  4.1000000E+01  7.2282032E-02 -1.0006790E-02  2.5978935E-01 -7.1917024E-01
  4.1000000E+01  1.7572564E-01 -1.5215289E-01  2.5909106E-01 -2.4769080E-01
  4.1000000E+01  1.7719004E-02 -4.9472152E-03  2.5892372E-01 -6.5704692E-01
  4.1000000E+01  5.0300694E-01  1.1840300E-01 -9.0703102E-01 -9.0511694E-01
  4.1000000E+01 -1.6064404E-01  7.5192030E-01  7.5864262E-03  1.4822237E-01
  4.1000000E+01 -6.8106833E-02  3.9191560E-01  2.9776740E-01 -7.2709479E-02
  4.2000000E+01  7.3798240E-02 -1.7525795E-02  2.7220424E-01 -7.3072801E-01
  4.2000000E+01  1.8113521E-01 -1.5879254E-01  2.8472482E-01 -2.1732234E-01
  4.2000000E+01  2.8384706E-02 -9.6892496E-03  2.7432107E-01 -6.4892326E-01
  4.2000000E+01  5.6165763E-01  7.0821916E-02 -9.4068549E-01 -8.9792805E-01
  4.2000000E+01 -5.1344258E-02  8.3024276E-01  8.8557970E-03  2.9681228E-02
  4.2000000E+01 -6.7205083E-02  3.8864101E-01  3.0081258E-01 -8.6841955E-02
  4.3000000E+01  7.4645260E-02 -2.1985062E-02  2.8510156E-01 -7.3718477E-01
  4.3000000E+01  1.9197833E-01 -1.6255052E-01  3.1025101E-01 -1.8247595E-01
  4.3000000E+01  3.7903034E-02 -1.5033273E-02  2.8922223E-01 -6.4231866E-01
  4.3000000E+01  6.0737633E-01  8.3088616E-03 -9.6128561E-01 -8.9692745E-01
  4.3000000E+01 -2.8101556E-02  8.7062157E-01  2.1694500E-03 -4.9950855E-02
  4.3000000E+01 -6.6348460E-02  3.8000796E-01  3.0554157E-01 -9.8482765E-02
  4.4000000E+01  7.6122135E-02 -2.4713588E-02  2.9862924E-01 -7.4012288E-01
  4.4000000E+01  2.0665254E-01 -1.6317339E-01  3.3491049E-01 -1.3744530E-01
  4.4000000E+01  4.5912448E-02 -2.1501046E-02  3.0358964E-01 -6.3484658E-01
  4.4000000E+01  6.4601495E-01 -5.5483635E-02 -9.7054202E-01 -9.0672380E-01
  4.4000000E+01  4.2689531E-02  8.8291509E-01 -8.9386028E-03 -7.4014077E-02
  4.4000000E+01 -6.6093017E-02  3.6829599E-01  3.1105157E-01 -1.0750606E-01
  4.5000000E+01  7.8872765E-02 -2.6320284E-02  3.1268963E-01 -7.4043001E-01
  4.5000000E+01  2.2162174E-01 -1.6062590E-01  3.5699481E-01 -8.1175182E-02
  4.5000000E+01  5.1878972E-02 -2.9898610E-02  3.1649728E-01 -6.2089691E-01
  4.5000000E+01  6.8678789E-01 -1.1265112E-01 -9.7051198E-01 -8.8408447E-01
  4.5000000E+01  6.6835896E-02  8.9459210E-01 -1.5823127E-02 -2.6201934E-01
  4.5000000E+01 -6.9868226E-02  3.5702801E-01  3.1790442E-01 -1.0958808E-01
  4.6000000E+01  8.2044136E-02 -2.6475187E-02  3.2708243E-01 -7.3773082E-01
  4.6000000E+01  2.3271256E-01 -1.5572267E-01  3.7497501E-01 -1.9668370E-02
  4.6000000E+01  5.5101809E-02 -4.1064036E-02  3.2647557E-01 -5.9441560E-01
  4.6000000E+01  7.2630935E-01 -1.7481094E-01 -9.6293511E-01 -8.2085061E-01
  4.6000000E+01  4.3156328E-02  8.7792781E-01 -2.5374902E-02 -2.3026750E-01
  4.6000000E+01 -7.8190162E-02  3.5012834E-01  3.2462057E-01 -1.0624799E-01
  4.7000000E+01  8.6167974E-02 -2.4248324E-02  3.4057943E-01 -7.2846040E-01
  4.7000000E+01  2.3653321E-01 -1.5076046E-01  3.8867548E-01  4.0007715E-02
  4.7000000E+01  5.4699384E-02 -5.5498671E-02  3.3370567E-01 -5.5218832E-01
  4.7000000E+01  7.6078537E-01 -2.4401160E-01 -9.5022730E-01 -7.5468375E-01
  4.7000000E+01  6.3880031E-02  8.5131930E-01 -3.0483786E-02 -2.1915030E-01
  4.7000000E+01 -8.6968906E-02  3.4424035E-01  3.2907206E-01 -9.6255415E-02
  4.8000000E+01  9.3201034E-02 -1.8841957E-02  3.5430169E-01 -7.0889189E-01
  4.8000000E+01  2.3080731E-01 -1.4933119E-01  3.9926994E-01  9.2851449E-02
  4.8000000E+01  5.0435401E-02 -7.3500286E-02  3.3795471E-01 -4.9647768E-01
  4.8000000E+01  7.9315119E-01 -3.0468287E-01 -9.3431201E-01 -6.7373238E-01
  4.8000000E+01  3.1938788E-02  8.3799879E-01 -3.1600094E-02 -3.3233618E-01
  4.8000000E+01 -9.1974487E-02  3.3745913E-01  3.3113723E-01 -6.6469511E-02
  4.9000000E+01  1.0298044E-01 -1.0505880E-02  3.6957209E-01 -6.7517842E-01
  4.9000000E+01  2.1586858E-01 -1.5451898E-01  4.0911747E-01  1.3403057E-01
  4.9000000E+01  4.2425219E-02 -9.5410003E-02  3.3823696E-01 -4.2994187E-01
  4.9000000E+01  8.2040623E-01 -3.5794280E-01 -9.1006248E-01 -5.3456200E-01
  4.9000000E+01 -1.8052182E-02  8.1896585E-01 -2.4493198E-02 -2.6480537E-01
  4.9000000E+01 -8.9249953E-02  3.3045235E-01  3.3063289E-01 -4.5164223E-02
  5.0000000E+01  1.1213317E-01  4.0815002E-04  3.8378121E-01 -6.2519586E-01
  5.0000000E+01  1.9594883E-01 -1.6582938E-01  4.1992864E-01  1.6075031E-01
  5.0000000E+01  3.0414123E-02 -1.2240629E-01  3.3472719E-01 -3.5496621E-01
  5.0000000E+01  8.1939530E-01 -4.2241678E-01 -8.7627175E-01 -3.5630659E-01
  5.0000000E+01 -1.3205026E-02  8.0034230E-01 -6.4314252E-03 -2.2078526E-01
  5.0000000E+01 -7.7125216E-02  3.1762482E-01  3.2795184E-01 -4.5885132E-02
  5.1000000E+01  1.1669939E-01  1.4607443E-02  3.9558900E-01 -5.5836372E-01
  5.1000000E+01  1.7703851E-01 -1.7862780E-01  4.3081590E-01  1.7199747E-01
  5.1000000E+01  1.4993768E-02 -1.5542849E-01  3.2817276E-01 -2.7986949E-01
  5.1000000E+01  7.8397076E-01 -4.9260599E-01 -8.4375598E-01 -2.6195261E-01
  5.1000000E+01 -4.9959940E-02  7.9906353E-01  1.8027520E-02 -3.2094435E-01
  5.1000000E+01 -6.5208923E-02  3.0127966E-01  3.2258977E-01 -5.2054969E-02
  5.2000000E+01  1.1472467E-01  3.1155832E-02  4.0372070E-01 -4.7413369E-01
  5.2000000E+01  1.6197655E-01 -1.8938625E-01  4.4094360E-01  1.6592669E-01
  5.2000000E+01 -1.3878215E-03 -1.9383689E-01  3.1913471E-01 -2.1745260E-01
  5.2000000E+01  7.4769626E-01 -5.4784592E-01 -8.1599463E-01 -2.4434793E-01
  5.2000000E+01 -1.2508277E-01  7.8985688E-01  4.1584608E-02 -2.9421227E-01
  5.2000000E+01 -6.4282358E-02  2.8779840E-01  3.1380333E-01 -7.4446136E-02
  5.3000000E+01  1.0576606E-01  4.8176467E-02  4.0727418E-01 -3.7944165E-01
  5.3000000E+01  1.4935287E-01 -1.9766615E-01  4.5149727E-01  1.4785485E-01
  5.3000000E+01 -1.4337084E-02 -2.3500704E-01  3.0879502E-01 -1.7547949E-01
  5.3000000E+01  6.8246208E-01 -6.1221612E-01 -7.9073266E-01 -2.5233285E-01
  5.3000000E+01 -1.5155114E-01  7.5575864E-01  6.6784077E-02 -2.4242244E-01
  5.3000000E+01 -7.5691247E-02  2.7778828E-01  2.9980514E-01 -1.1569229E-01
  5.4000000E+01  9.2143977E-02  6.8924188E-02  4.0689867E-01 -2.9396043E-01
  5.4000000E+01  1.3633674E-01 -2.0408978E-01  4.5874554E-01  1.3650363E-01
  5.4000000E+01 -2.0289939E-02 -2.7537200E-01  2.9542517E-01 -1.5139830E-01
  5.4000000E+01  6.2524509E-01 -6.9505519E-01 -7.7250339E-01 -4.5253680E-01
  5.4000000E+01 -1.8272906E-01  7.2639877E-01  9.8192385E-02 -3.0713890E-01
  5.4000000E+01 -9.4998010E-02  2.6732706E-01  2.7956974E-01 -1.6143573E-01
  5.5000000E+01  8.0633069E-02  1.0088169E-01  4.0369479E-01 -2.1470147E-01
  5.5000000E+01  1.1996770E-01 -2.1460145E-01  4.5980565E-01  1.4146657E-01
  5.5000000E+01 -2.0006515E-02 -3.1160435E-01  2.7624986E-01 -1.3790883E-01
  5.5000000E+01  6.4865414E-01 -7.7799755E-01 -7.6040271E-01 -5.4836860E-01
  5.5000000E+01 -2.6350856E-01  7.0329200E-01  1.2852260E-01 -3.1427779E-01
  5.5000000E+01 -1.1523014E-01  2.5442536E-01  2.5618662E-01 -1.7888476E-01
  5.6000000E+01  8.2611449E-02  1.4433937E-01  4.0105836E-01 -9.7536639E-02
  5.6000000E+01  9.9313507E-02 -2.3564927E-01  4.5955372E-01  1.6847896E-01
  5.6000000E+01 -1.8273320E-02 -3.4126049E-01  2.5296282E-01 -1.2647683E-01
  5.6000000E+01  6.2117392E-01 -8.5918055E-01 -7.5245804E-01 -4.1647440E-01
  5.6000000E+01 -3.0302555E-01  6.5682969E-01  1.5337587E-01 -1.8243436E-01
  5.6000000E+01 -1.2953696E-01  2.4458073E-01  2.3136583E-01 -1.5912058E-01
  5.7000000E+01  1.1063635E-01  1.8261440E-01  3.9991826E-01  5.6479014E-02
  5.7000000E+01  7.3362772E-02 -2.6280007E-01  4.5974840E-01  2.3800288E-01
  5.7000000E+01 -1.9549597E-02 -3.6368179E-01  2.2968750E-01 -1.1480920E-01
  5.7000000E+01  5.5549470E-01 -9.1170890E-01 -7.5639882E-01 -4.4575653E-01
  5.7000000E+01 -2.6918399E-01  6.2539619E-01  1.7933483E-01 -1.8858800E-01
  5.7000000E+01 -1.3314204E-01  2.3966006E-01  2.0476930E-01 -1.3067808E-01
  5.8000000E+01  1.6482910E-01  1.9502136E-01  3.9683769E-01  1.6231496E-01
  5.8000000E+01  3.8459290E-02 -2.8135578E-01  4.5842816E-01  3.1563844E-01
  5.8000000E+01 -2.4240698E-02 -3.8080034E-01  2.0825534E-01 -1.1233755E-01
  5.8000000E+01  5.2119945E-01 -9.6117177E-01 -7.7012516E-01 -5.4913148E-01
  5.8000000E+01 -2.9870965E-01  6.1420364E-01  2.0579681E-01 -3.5731664E-01
  5.8000000E+01 -1.2552851E-01  2.3583528E-01  1.7674525E-01 -1.0839565E-01
  5.9000000E+01  2.2596645E-01  1.7988598E-01  3.8898899E-01  1.4682869E-01
  5.9000000E+01 -2.1332370E-03 -2.8373533E-01  4.5713080E-01  3.1217002E-01
  5.9000000E+01 -2.9755630E-02 -3.9437073E-01  1.8769442E-01 -1.3305021E-01
  5.9000000E+01  4.7695864E-01 -9.7736464E-01 -7.8213627E-01 -6.2070643E-01
  5.9000000E+01 -3.7965400E-01  5.9749710E-01  2.2417363E-01 -2.6524910E-01
  5.9000000E+01 -1.0845194E-01  2.3165521E-01  1.4815309E-01 -1.0503865E-01
  6.0000000E+01  2.7001242E-01  1.5519295E-01  3.7746187E-01  1.4140121E-02
  6.0000000E+01 -3.5534696E-02 -2.7940667E-01  4.5623256E-01  2.1889321E-01
  6.0000000E+01 -3.3652287E-02 -4.0250966E-01  1.6670192E-01 -1.6644604E-01
  6.0000000E+01  4.3370954E-01 -9.2851580E-01 -7.7483875E-01 -6.6618452E-01
  6.0000000E+01 -3.7246945E-01  5.7725798E-01  2.3821773E-01 -4.2900214E-02
  6.0000000E+01 -8.7447266E-02  2.2667346E-01  1.1969230E-01 -1.4114234E-01
  6.1000000E+01  2.8374969E-01  1.3907215E-01  3.6444411E-01 -1.7582830E-01
  6.1000000E+01 -5.0961485E-02 -2.8046641E-01  4.5580935E-01  1.0064291E-01
  6.1000000E+01 -3.5619774E-02 -4.0582646E-01  1.4248129E-01 -1.8307546E-01
  6.1000000E+01  4.1522012E-01 -8.3777657E-01 -7.3622970E-01 -6.5882643E-01
  6.1000000E+01 -3.1897170E-01  5.6474782E-01  2.5804734E-01 -6.8947582E-02
  6.1000000E+01 -6.6890671E-02  2.2099165E-01  9.0683062E-02 -2.0812815E-01
  6.2000000E+01  2.6540272E-01  1.3627747E-01  3.5035703E-01 -3.4511291E-01
  6.2000000E+01 -4.5369833E-02 -2.8357252E-01  4.5524385E-01  3.0179774E-03
  6.2000000E+01 -3.9908293E-02 -4.0595293E-01  1.1235140E-01 -1.9641775E-01
  6.2000000E+01  4.0737399E-01 -7.4246535E-01 -6.7119660E-01 -5.2198051E-01
  6.2000000E+01 -3.4118593E-01  5.5577118E-01  2.8182303E-01 -1.8355218E-01
  6.2000000E+01 -4.8623260E-02  2.1719375E-01  6.1381289E-02 -2.9677063E-01
  6.3000000E+01  2.1910250E-01  1.3832657E-01  3.3869483E-01 -4.2137303E-01
  6.3000000E+01 -2.6419972E-02 -2.7545402E-01  4.5527258E-01 -5.0224865E-02
  6.3000000E+01 -5.1670573E-02 -4.0019242E-01  7.9785049E-02 -2.2557978E-01
  6.3000000E+01  4.2598678E-01 -6.9025612E-01 -5.8575122E-01 -4.1097649E-01
  6.3000000E+01 -3.7749355E-01  5.5332441E-01  2.9996719E-01 -5.8168931E-02
  6.3000000E+01 -3.7576855E-02  2.1424990E-01  2.9897605E-02 -3.9784862E-01
  6.4000000E+01  1.6296808E-01  1.3835967E-01  3.3211278E-01 -3.8157400E-01
  6.4000000E+01 -8.9266428E-03 -2.5218888E-01  4.5719902E-01 -4.4119728E-02
  6.4000000E+01 -7.0685547E-02 -3.8899820E-01  4.3678572E-02 -2.7524130E-01
  6.4000000E+01  4.6477346E-01 -6.8408890E-01 -4.9663130E-01 -2.3772484E-01
  6.4000000E+01 -3.3263985E-01  5.7026647E-01  3.2028161E-01  1.0437982E-01
  6.4000000E+01 -3.6599321E-02  2.1101361E-01 -7.5529173E-03 -4.7967474E-01
  6.5000000E+01  1.2483612E-01  1.3886933E-01  3.2652715E-01 -2.9517327E-01
  6.5000000E+01 -4.2898717E-03 -2.2176744E-01  4.6057023E-01  1.6175284E-03
  6.5000000E+01 -9.4509083E-02 -3.6784224E-01  2.3857701E-03 -3.4602607E-01
  6.5000000E+01  4.7629365E-01 -6.9484478E-01 -4.1010492E-01 -1.0561897E-01
  6.5000000E+01 -2.8638663E-01  5.7603198E-01  3.4668842E-01  3.1242426E-02
  6.5000000E+01 -4.5078415E-02  2.0705819E-01 -5.0741310E-02 -5.3289625E-01
  6.6000000E+01  1.0567787E-01  1.4313746E-01  3.2129873E-01 -2.4249723E-01
  6.6000000E+01 -1.1768481E-02 -1.9592599E-01  4.6453426E-01  2.9406974E-02
  6.6000000E+01 -1.1477008E-01 -3.3695765E-01 -4.2738159E-02 -3.8219665E-01
  6.6000000E+01  5.0141857E-01 -6.9963426E-01 -3.2509119E-01 -3.4362588E-02
  6.6000000E+01 -3.0249915E-01  5.3960120E-01  3.7124237E-01 -3.7963195E-02
  6.6000000E+01 -5.2834059E-02  1.9863303E-01 -9.7579503E-02 -5.4560046E-01
  6.7000000E+01  1.0082841E-01  1.5678974E-01  3.1238977E-01 -2.0528601E-01
  6.7000000E+01 -1.9723081E-02 -1.8223140E-01  4.6963637E-01 -3.3147803E-03
  6.7000000E+01 -1.2725483E-01 -3.0344894E-01 -9.4446978E-02 -3.7277615E-01
  6.7000000E+01  5.1723590E-01 -7.1093527E-01 -2.4721722E-01 -5.5703138E-03
  6.7000000E+01 -3.0609576E-01  5.0509393E-01  3.9432276E-01  3.8550507E-02
  6.7000000E+01 -5.2835952E-02  1.8809911E-01 -1.4906570E-01 -5.3463492E-01
  6.8000000E+01  9.8678276E-02  1.6382983E-01  3.0736554E-01 -1.7105168E-01
  6.8000000E+01 -1.5441729E-02 -1.8193854E-01  4.7611995E-01 -7.9146806E-02
  6.8000000E+01 -1.4907028E-01 -2.6116630E-01 -1.5494011E-01 -3.4696005E-01
  6.8000000E+01  5.4257554E-01 -7.1425241E-01 -1.7589964E-01 -1.3278274E-01
  6.8000000E+01 -2.7648603E-01  4.9350558E-01  4.1589614E-01  5.1618147E-02
  6.8000000E+01 -4.7459042E-02  1.7368651E-01 -2.0919481E-01 -5.4506349E-01
  6.9000000E+01  1.0485887E-01  1.7643746E-01  2.9570789E-01 -1.1052949E-01
  6.9000000E+01  5.7713259E-03 -1.9023242E-01  4.8129401E-01 -1.5034983E-01
  6.9000000E+01 -1.9175577E-01 -2.0942443E-01 -2.2396839E-01 -3.3302836E-01
  6.9000000E+01  5.9924323E-01 -6.9104219E-01 -1.1702670E-01 -1.8109648E-01
  6.9000000E+01 -2.6333114E-01  4.7553792E-01  4.3245875E-01 -1.6722286E-02
  6.9000000E+01 -3.4107323E-02  1.4969547E-01 -2.8017830E-01 -5.6380785E-01
  7.0000000E+01  1.1306116E-01  1.7960063E-01  2.9201648E-01 -7.3087855E-02
  7.0000000E+01  3.9448120E-02 -1.9820786E-01  4.8525557E-01 -1.8673740E-01
  7.0000000E+01 -2.4498291E-01 -1.4824692E-01 -2.9743166E-01 -3.4043061E-01
  7.0000000E+01  6.3341599E-01 -6.5060495E-01 -6.5682579E-02 -9.3909965E-02
  7.0000000E+01 -2.6320987E-01  4.4764476E-01  4.4253079E-01 -3.3180517E-02
  7.0000000E+01 -7.0602957E-03  1.2574158E-01 -3.6371316E-01 -5.6003637E-01
  7.1000000E+01  1.1682709E-01  1.8005038E-01  2.8144860E-01 -1.1765476E-02
  7.1000000E+01  7.7010740E-02 -2.0028377E-01  4.8719894E-01 -1.8119662E-01
  7.1000000E+01 -2.9347921E-01 -7.5066065E-02 -3.8058750E-01 -3.1122766E-01
  7.1000000E+01  5.8172250E-01 -5.8844269E-01 -2.3952295E-02  1.2390225E-01
  7.1000000E+01 -2.5161904E-01  4.2248480E-01  4.4953621E-01 -1.5833762E-02
  7.1000000E+01  3.2834453E-02  1.0268555E-01 -4.6209583E-01 -5.8181209E-01
  7.2000000E+01  1.2046592E-01  1.6813906E-01  2.6739787E-01  5.7440630E-03
  7.2000000E+01  1.1004715E-01 -1.9776661E-01  4.8683138E-01 -1.3770225E-01
  7.2000000E+01 -3.3005633E-01  9.7818052E-03 -4.7617395E-01 -2.5583458E-01
  7.2000000E+01  4.5329689E-01 -5.7995646E-01  1.7618044E-02  3.2991579E-02
  7.2000000E+01 -2.3081490E-01  4.0078083E-01  4.5232672E-01 -1.1596168E-02
  7.2000000E+01  7.6511770E-02  5.8510881E-02 -5.7650399E-01 -5.9938808E-01
  7.3000000E+01  1.2938222E-01  1.6110718E-01  2.4316871E-01 -4.7813692E-02
  7.3000000E+01  1.3223636E-01 -1.9535513E-01  4.8395487E-01 -7.2872022E-02
  7.3000000E+01 -3.4473248E-01  1.1161241E-01 -5.7817335E-01 -1.8241432E-01
  7.3000000E+01  4.9941292E-01 -5.6937504E-01  5.4182384E-02 -2.6381209E-01
  7.3000000E+01 -2.1077783E-01  3.8224992E-01  4.5031674E-01 -1.8449476E-02
  7.3000000E+01  1.2307418E-01 -9.0085441E-03 -7.0130947E-01 -5.7887185E-01
  7.4000000E+01  1.4320715E-01  1.5632824E-01  2.1272953E-01 -1.0825437E-01
  7.4000000E+01  1.4167974E-01 -1.9598036E-01  4.7825211E-01 -1.5016019E-02
  7.4000000E+01 -3.1994859E-01  2.2664190E-01 -6.8365701E-01 -4.7696190E-02
  7.4000000E+01  5.6309464E-01 -5.3225448E-01  7.4018832E-02  1.9485194E-02
  7.4000000E+01 -1.9579754E-01  3.6554636E-01  4.4543951E-01 -2.3490484E-02
  7.4000000E+01  1.5912162E-01 -1.0287029E-01 -8.3030391E-01 -5.0629028E-01
  7.5000000E+01  1.5415912E-01  1.6270013E-01  1.7925877E-01 -7.7843851E-02
  7.5000000E+01  1.4203661E-01 -1.9924513E-01  4.6993796E-01  1.2943195E-02
  7.5000000E+01 -2.3388363E-01  3.4157126E-01 -7.9035035E-01  5.8713550E-02
  7.5000000E+01  4.4293201E-01 -5.3722864E-01  8.8808343E-02  1.9720027E-01
  7.5000000E+01 -1.8144142E-01  3.4831862E-01  4.3755263E-01 -1.2348655E-02
  7.5000000E+01  1.6018890E-01 -2.1438451E-01 -9.5454378E-01 -3.7668312E-01
  7.6000000E+01  1.6017287E-01  1.5992149E-01  1.3810718E-01 -4.5413094E-02
  7.6000000E+01  1.4079431E-01 -2.0268724E-01  4.5886234E-01  2.8858824E-03
  7.6000000E+01 -1.0020619E-01  4.3526759E-01 -8.9466342E-01  1.2674156E-02
  7.6000000E+01  3.7839816E-01 -5.2709544E-01  1.0109054E-01 -5.8858518E-02
  7.6000000E+01 -1.6022216E-01  3.3405270E-01  4.2824475E-01  1.0164933E-02
  7.6000000E+01  1.0022305E-01 -3.2789556E-01 -1.0630216E+00 -2.1812302E-01
  7.7000000E+01  1.6845514E-01  1.4253958E-01  8.6355458E-02 -1.9637961E-02
  7.7000000E+01  1.4482108E-01 -2.0270901E-01  4.4579563E-01 -3.8895077E-02
  7.7000000E+01  7.4803412E-03  5.0770829E-01 -9.9120250E-01 -2.2624512E-01
  7.7000000E+01  4.0660063E-01 -5.2419437E-01  1.0665088E-01 -1.3170236E-01
  7.7000000E+01 -1.3145068E-01  3.2856374E-01  4.1799194E-01  2.4121341E-02
  7.7000000E+01 -2.4982595E-02 -4.1824642E-01 -1.1480678E+00 -1.3416489E-01
  7.8000000E+01  1.9547099E-01  1.1657842E-01  2.5743508E-02 -3.8501926E-02
  7.8000000E+01  1.5726684E-01 -1.9661293E-01  4.3198660E-01 -9.5065881E-02
  7.8000000E+01  4.9981047E-02  6.0307474E-01 -1.0753052E+00 -3.7696120E-01
  7.8000000E+01  4.2223442E-01 -5.5793369E-01  1.0877091E-01 -6.5401522E-02
  7.8000000E+01 -1.0529701E-01  3.3168875E-01  4.0806739E-01  7.8827881E-03
  7.8000000E+01 -1.7383463E-01 -4.8271419E-01 -1.2087900E+00 -2.2341125E-01
  7.9000000E+01  2.3748962E-01  9.6426524E-02 -3.3721149E-02 -4.6414105E-02
  7.9000000E+01  1.7687222E-01 -1.8373752E-01  4.1920111E-01 -1.4586532E-01
  7.9000000E+01  1.6468610E-01  6.8666684E-01 -1.1493932E+00 -1.3772123E-01
  7.9000000E+01  4.1539792E-01 -5.5999985E-01  1.0734662E-01  4.6742909E-02
  7.9000000E+01 -9.0168585E-02  3.3500692E-01  4.0094307E-01 -2.4701803E-02
  7.9000000E+01 -3.0259814E-01 -5.2803492E-01 -1.2468653E+00 -3.1090475E-01
  8.0000000E+01  2.8497278E-01  8.5108105E-02 -1.0079157E-01 -1.8595988E-03
  8.0000000E+01  1.9862905E-01 -1.6486788E-01  4.0750953E-01 -1.6886760E-01
  8.0000000E+01  3.5024660E-01  6.9755820E-01 -1.2243629E+00 -2.7810374E-01
  8.0000000E+01  3.3557171E-01 -5.4086372E-01  1.0760704E-01  1.7853672E-01
  8.0000000E+01 -8.2970827E-02  3.3530325E-01  3.9727421E-01 -3.3853435E-02
  8.0000000E+01 -4.5150280E-01 -5.2853177E-01 -1.2688252E+00 -2.8118401E-01
  8.1000000E+01  3.2059638E-01  7.2831643E-02 -1.6366668E-01  1.1694303E-01
  8.1000000E+01  2.1577527E-01 -1.4454111E-01  3.9618587E-01 -1.5028623E-01
  8.1000000E+01  3.3368783E-01  7.7150293E-01 -1.2832989E+00 -6.4040357E-01
  8.1000000E+01  2.3517986E-01 -5.4120449E-01  1.1597361E-01  3.8715070E-02
  8.1000000E+01 -7.5378697E-02  3.3663664E-01  4.0135213E-01 -1.7375983E-02
  8.1000000E+01 -5.7531967E-01 -5.2470702E-01 -1.2749650E+00 -3.6376908E-01
  8.2000000E+01  3.3680141E-01  4.4240207E-02 -2.3132660E-01  2.4604287E-01
  8.2000000E+01  2.2499066E-01 -1.2764164E-01  3.8588713E-01 -1.0796490E-01
  8.2000000E+01  3.6009197E-01  7.9354381E-01 -1.3094691E+00 -3.9040747E-01
  8.2000000E+01  2.3781297E-01 -5.5126817E-01  1.2626251E-01 -1.8451599E-01
  8.2000000E+01 -6.3463025E-02  3.4141424E-01  4.1166988E-01  2.8817600E-03
  8.2000000E+01 -6.9050753E-01 -5.1516995E-01 -1.2690589E+00 -2.8143067E-01
  8.3000000E+01  3.4691688E-01 -1.1302832E-02 -2.9319050E-01  2.6303988E-01
  8.3000000E+01  2.2765422E-01 -1.1419687E-01  3.7637349E-01 -7.4600618E-02
  8.3000000E+01  4.3720974E-01  8.0453431E-01 -1.3170375E+00 -4.2731724E-01
  8.3000000E+01  2.8174385E-01 -5.6756928E-01  1.3483265E-01 -8.9824144E-02
  8.3000000E+01 -5.0073965E-02  3.4847628E-01  4.2408089E-01  5.5678877E-03
  8.3000000E+01 -7.9698198E-01 -4.7315101E-01 -1.2516609E+00 -3.3666657E-01
  8.4000000E+01  3.8061190E-01 -8.5202275E-02 -3.5743975E-01  1.0178264E-01
  8.4000000E+01  2.2598477E-01 -1.0161570E-01  3.6676202E-01 -5.4546805E-02
  8.4000000E+01  5.3108496E-01  8.1559029E-01 -1.3203233E+00 -4.1836712E-01
  8.4000000E+01  2.2530982E-01 -5.8834608E-01  1.4994339E-01  1.3310937E-01
  8.4000000E+01 -4.1959095E-02  3.5615987E-01  4.4189834E-01 -9.9248049E-03
  8.4000000E+01 -8.8853702E-01 -4.3527602E-01 -1.2278316E+00 -2.8815536E-01
  8.5000000E+01  4.3823974E-01 -1.5968078E-01 -4.1522720E-01 -1.2665223E-01
  8.5000000E+01  2.2180751E-01 -8.9271981E-02  3.5912988E-01 -4.4764186E-02
  8.5000000E+01  6.0893511E-01  8.4655946E-01 -1.3183373E+00 -3.8666175E-01
  8.5000000E+01  1.2176620E-01 -6.0821868E-01  1.7044551E-01  6.9728010E-02
  8.5000000E+01 -4.2666114E-02  3.6293337E-01  4.6312670E-01 -3.3693403E-02
  8.5000000E+01 -9.7968234E-01 -3.8405927E-01 -1.1939998E+00 -2.7966418E-01
  8.6000000E+01  4.9399559E-01 -2.1013812E-01 -4.7694709E-01 -2.5584117E-01
  8.6000000E+01  2.1723808E-01 -7.6614988E-02  3.5469353E-01 -3.7203940E-02
  8.6000000E+01  7.2745307E-01  8.4520659E-01 -1.3150865E+00 -4.0136971E-01
  8.6000000E+01  1.2617793E-01 -6.2297869E-01  1.9340675E-01 -1.3933878E-01
  8.6000000E+01 -5.1082708E-02  3.6800994E-01  4.8271608E-01 -3.9119933E-02
  8.6000000E+01 -1.0585026E+00 -3.2391182E-01 -1.1593197E+00 -2.6290282E-01
  8.7000000E+01  5.1890990E-01 -2.7574510E-01 -5.4831682E-01 -2.2974905E-01
  8.7000000E+01  2.1327670E-01 -6.4689044E-02  3.5248410E-01 -2.0883084E-02
  8.7000000E+01  8.3300679E-01  8.4215351E-01 -1.3132851E+00 -3.0339321E-01
  8.7000000E+01  1.7714681E-01 -6.3318733E-01  2.1172085E-01 -5.5632847E-02
  8.7000000E+01 -5.9706729E-02  3.7356576E-01  5.0141780E-01 -2.7691643E-02
  8.7000000E+01 -1.1109644E+00 -2.6761711E-01 -1.1220100E+00 -1.6351282E-01
  8.8000000E+01  5.2437022E-01 -3.9135227E-01 -6.1915317E-01 -2.1636458E-01
  8.8000000E+01  2.0865483E-01 -5.5368890E-02  3.5083857E-01  2.1493905E-03
  8.8000000E+01  9.2633211E-01  8.3764430E-01 -1.3041494E+00 -2.4771059E-01
  8.8000000E+01  1.2213862E-01 -6.8406918E-01  2.3083737E-01  1.0218831E-01
  8.8000000E+01 -6.4871335E-02  3.7687778E-01  5.1902836E-01 -5.1507430E-03
  8.8000000E+01 -1.1873550E+00 -1.8027234E-01 -1.0837106E+00 -1.7668514E-01
  8.9000000E+01  5.4372884E-01 -5.1403814E-01 -6.9472951E-01 -2.8152054E-01
  8.9000000E+01  2.0188627E-01 -4.7881365E-02  3.5173242E-01  2.1958362E-02
  8.9000000E+01  1.0469243E+00  7.6557646E-01 -1.3056966E+00 -2.6836262E-01
  8.9000000E+01  7.8480556E-02 -7.2918364E-01  2.5045441E-01 -3.9039904E-02
  8.9000000E+01 -6.5143298E-02  3.7874260E-01  5.3603053E-01  1.4162955E-02
  8.9000000E+01 -1.2324246E+00 -9.8415099E-02 -1.0457117E+00 -1.7512082E-01
  9.0000000E+01  5.5311554E-01 -5.9612122E-01 -7.6856132E-01 -2.4132080E-01
  9.0000000E+01  1.9532554E-01 -4.0968765E-02  3.5150004E-01  3.5983741E-02
  9.0000000E+01  1.0916848E+00  7.2183276E-01 -1.3085304E+00 -1.4482775E-01
  9.0000000E+01  1.1656415E-01 -7.2637573E-01  2.6254816E-01 -7.2347429E-02
  9.0000000E+01 -6.2495576E-02  3.8005471E-01  5.4746043E-01  2.1834436E-02
  9.0000000E+01 -1.2455182E+00 -1.5975900E-02 -1.0148096E+00 -8.1018879E-02
  9.1000000E+01  4.6885626E-01 -7.2008791E-01 -8.4991566E-01 -4.5568644E-02
  9.1000000E+01  1.9255514E-01 -3.5163926E-02  3.4746412E-01  4.1112757E-02
  9.1000000E+01  1.1899224E+00  6.8908553E-01 -1.3119726E+00 -2.2441055E-01
  9.1000000E+01  1.2286297E-01 -7.5060302E-01  2.7202219E-01  3.8725326E-02
  9.1000000E+01 -6.4849689E-02  3.8054558E-01  5.5437161E-01  2.1427879E-03
  9.1000000E+01 -1.2678783E+00  5.8615043E-02 -9.8517783E-01 -4.0805500E-02
  9.2000000E+01  3.5124709E-01 -8.2794585E-01 -9.3696856E-01 -5.8685260E-02
  9.2000000E+01  1.9243772E-01 -2.9018107E-02  3.4242388E-01  3.3446971E-02
  9.2000000E+01  1.2755161E+00  6.4744472E-01 -1.3185668E+00 -3.1075979E-01
  9.2000000E+01  9.5303762E-02 -8.0220429E-01  2.7720783E-01  3.3591452E-02
  9.2000000E+01 -7.5739868E-02  3.7457334E-01  5.5905796E-01 -2.1489748E-02
  9.2000000E+01 -1.3386382E+00  9.9344643E-02 -9.5250225E-01  2.1262234E-02
  9.3000000E+01  2.1271687E-01 -9.2179279E-01 -1.0269402E+00 -2.0742144E-02
  9.3000000E+01  1.9207194E-01 -1.9852892E-02  3.3796630E-01  2.6354066E-02
  9.3000000E+01  1.3321285E+00  5.7656145E-01 -1.3195969E+00 -2.8576877E-01
  9.3000000E+01  8.7912461E-02 -8.1595133E-01  2.7447851E-01 -8.0995113E-04
  9.3000000E+01 -8.6501842E-02  3.6621875E-01  5.6173224E-01 -1.2610609E-02
  9.3000000E+01 -1.3091689E+00  2.1200889E-01 -9.2263192E-01  1.3026038E-01
  9.4000000E+01  9.3232316E-02 -1.0282526E+00 -1.1307098E+00 -1.4172461E-01
  9.4000000E+01  1.9240963E-01 -1.1583402E-02  3.3341897E-01  3.3097144E-02
  9.4000000E+01  1.3195825E+00  5.1302156E-01 -1.3144941E+00 -4.6505863E-01
  9.4000000E+01  9.7464144E-02 -8.3552219E-01  2.7807601E-01  6.1473769E-03
  9.4000000E+01 -9.0006291E-02  3.6288959E-01  5.6279096E-01  6.9996628E-03
  9.4000000E+01 -1.2865005E+00  2.6015245E-01 -8.9561940E-01 -6.6595242E-02
  9.5000000E+01 -8.0362540E-03 -1.1035614E+00 -1.2439981E+00 -2.2688301E-01
  9.5000000E+01  1.9386830E-01 -6.5617411E-03  3.2877746E-01  3.2453610E-02
  9.5000000E+01  1.2991635E+00  4.6772857E-01 -1.3222866E+00 -7.0750701E-01
  9.5000000E+01  1.2583061E-01 -8.6461506E-01  2.8100270E-01 -2.3545055E-02
  9.5000000E+01 -8.7764157E-02  3.6136091E-01  5.6005539E-01  1.5276260E-02
  9.5000000E+01 -1.3321656E+00  2.4959477E-01 -8.6518766E-01 -5.3349289E-02
  9.6000000E+01 -1.1020554E-01 -1.1226185E+00 -1.3560513E+00 -2.5721411E-01
  9.6000000E+01  1.9465039E-01 -5.2756203E-04  3.2612240E-01  2.4798266E-02
  9.6000000E+01  1.2042862E+00  4.3982127E-01 -1.3109662E+00 -7.6266668E-01
  9.6000000E+01  1.3151515E-01 -8.4297016E-01  2.7605587E-01 -7.4058360E-02
  9.6000000E+01 -8.3274483E-02  3.5679444E-01  5.5598015E-01  1.8162537E-02
  9.6000000E+01 -1.2977761E+00  2.9555701E-01 -8.2663968E-01  2.0343065E-01
  9.7000000E+01 -1.9505164E-01 -1.1482046E+00 -1.4577168E+00 -3.9539197E-01
  9.7000000E+01  1.9581039E-01  5.8581197E-03  3.2530374E-01  2.6969973E-02
  9.7000000E+01  1.0763045E+00  3.9200609E-01 -1.2646317E+00 -6.9668797E-01
  9.7000000E+01  1.6704323E-01 -7.9310327E-01  2.7568458E-01 -2.0096439E-01
  9.7000000E+01 -7.7523945E-02  3.4968946E-01  5.5259036E-01  1.6318216E-02
  9.7000000E+01 -1.1796370E+00  3.9561101E-01 -7.8770233E-01  1.0045262E-01
  9.8000000E+01 -2.4436068E-01 -1.1631995E+00 -1.5623771E+00 -3.0659726E-01
  9.8000000E+01  1.9778574E-01  1.0329211E-02  3.2454286E-01  3.1753568E-02
  9.8000000E+01  1.0211167E+00  3.4173431E-01 -1.2330146E+00 -5.8072234E-01
  9.8000000E+01  2.4118841E-01 -7.2116853E-01  2.8091266E-01 -2.0596449E-01
  9.8000000E+01 -7.1282355E-02  3.4347188E-01  5.4790572E-01  6.2671494E-03
  9.8000000E+01 -1.1573920E+00  4.1307504E-01 -7.4256972E-01 -1.3049506E-02
  9.9000000E+01 -3.5324065E-01 -1.1463364E+00 -1.6409129E+00 -3.0245916E-01
  9.9000000E+01  1.9909695E-01  1.2389995E-02  3.2379121E-01  3.8821233E-02
  9.9000000E+01  1.0174591E+00  2.7978854E-01 -1.2162217E+00 -3.9768800E-01
  9.9000000E+01  2.7311966E-01 -6.4187030E-01  2.8836543E-01 -1.0884209E-01
  9.9000000E+01 -6.6345643E-02  3.4037487E-01  5.4457288E-01 -9.1429248E-03
  9.9000000E+01 -1.1381281E+00  4.4075358E-01 -6.9615489E-01  3.2856449E-02
  1.0000000E+02 -4.4810917E-01 -1.1140903E+00 -1.7063406E+00 -4.3971282E-01
  1.0000000E+02  1.9997740E-01  1.1116060E-02  3.2430524E-01  4.7104174E-02
  1.0000000E+02  1.0304705E+00  2.2925628E-01 -1.2029807E+00 -3.4999639E-01
  1.0000000E+02  2.8544887E-01 -5.8526223E-01  2.9441687E-01 -1.1137832E-01
  1.0000000E+02 -6.3791951E-02  3.4067790E-01  5.4442488E-01 -2.3101189E-02
  1.0000000E+02 -1.0838411E+00  5.1523573E-01 -6.5946542E-01  7.1776737E-02
  1.0100000E+02 -5.3599608E-01 -1.0347079E+00 -1.7661255E+00 -6.2934415E-01
  1.0100000E+02  2.0074370E-01  7.3860979E-03  3.2491864E-01  5.0284067E-02
  1.0100000E+02  1.0943880E+00  1.7314567E-01 -1.2023212E+00 -2.7710164E-01
  1.0100000E+02  3.2896954E-01 -5.3578918E-01  3.0208366E-01 -1.4064683E-01
  1.0100000E+02 -6.3153090E-02  3.4202570E-01  5.4541717E-01 -3.1273085E-02
  1.0100000E+02 -1.0522173E+00  5.5449805E-01 -6.1837315E-01 -3.5217978E-02
  1.0200000E+02 -5.5579331E-01 -9.1879998E-01 -1.8298969E+00 -8.1497994E-01
  1.0200000E+02  2.0086511E-01  1.1641692E-03  3.2500657E-01  5.3082915E-02
  1.0200000E+02  1.1535945E+00  9.2709263E-02 -1.2194585E+00 -1.5002279E-01
  1.0200000E+02  3.4565016E-01 -4.9542600E-01  3.1123015E-01 -9.8471595E-03
  1.0200000E+02 -6.1807710E-02  3.4184297E-01  5.4619305E-01 -2.6573541E-02
  1.0200000E+02 -1.0070571E+00  5.6262463E-01 -5.7799981E-01  1.2947414E-01
  1.0300000E+02 -5.4224747E-01 -7.9129150E-01 -1.8678783E+00 -9.3338485E-01
  1.0300000E+02  2.0051413E-01 -1.1098814E-02  3.2497247E-01  5.6483620E-02
  1.0300000E+02  1.2006280E+00  4.1989883E-02 -1.2488266E+00 -2.3451970E-01
  1.0300000E+02  2.9642755E-01 -4.9323720E-01  3.2298535E-01  9.7991904E-02
  1.0300000E+02 -5.6408177E-02  3.3867969E-01  5.4729486E-01 -1.3540970E-02
  1.0300000E+02 -9.2163398E-01  6.0340990E-01 -5.3785838E-01  1.0408670E-01
  1.0400000E+02 -4.7678900E-01 -6.9871223E-01 -1.8730625E+00 -8.0326380E-01
  1.0400000E+02  2.0023484E-01 -2.7803602E-02  3.2345723E-01  5.0212626E-02
  1.0400000E+02  1.2574020E+00  9.5583199E-03 -1.2862709E+00 -2.3598659E-01
  1.0400000E+02  2.5290807E-01 -5.0349379E-01  3.3748541E-01  4.6174089E-02
  1.0400000E+02 -4.6073459E-02  3.3126039E-01  5.4780287E-01 -9.0945999E-03
  1.0400000E+02 -9.5453157E-01  6.1361550E-01 -4.8436151E-01 -5.0125484E-02
  1.0500000E+02 -4.6684066E-01 -6.1988736E-01 -1.8627855E+00 -6.5676311E-01
  1.0500000E+02  1.9942993E-01 -4.3997766E-02  3.2078256E-01  4.0051253E-02
  1.0500000E+02  1.2894899E+00 -9.7218107E-03 -1.3109924E+00 -3.5562523E-01
  1.0500000E+02  2.4685524E-01 -5.0735049E-01  3.5139637E-01 -1.5120468E-02
  1.0500000E+02 -3.4269446E-02  3.1948248E-01  5.4964388E-01 -2.5814391E-02
  1.0500000E+02 -9.4068337E-01  6.1943701E-01 -4.3039645E-01  6.1455088E-02
  1.0600000E+02 -3.8835337E-01 -5.1245959E-01 -1.8565654E+00 -8.1132782E-01
  1.0600000E+02  1.9710579E-01 -5.9387851E-02  3.1671408E-01  3.2902911E-02
  1.0600000E+02  1.3355258E+00 -1.4384495E-02 -1.3258446E+00 -3.8312208E-01
  1.0600000E+02  2.6543365E-01 -5.0439145E-01  3.6714324E-01 -7.0121898E-02
  1.0600000E+02 -2.6509391E-02  3.0442616E-01  5.5569913E-01 -6.4312989E-02
  1.0600000E+02 -9.1687323E-01  6.1168199E-01 -3.7579220E-01  8.0181186E-02
  1.0700000E+02 -2.2433501E-01 -4.6225265E-01 -1.8314283E+00 -9.2262065E-01
  1.0700000E+02  1.9517139E-01 -7.4691208E-02  3.1045337E-01  1.7380445E-02
  1.0700000E+02  1.3418955E+00 -1.3719389E-02 -1.3296668E+00 -4.2173248E-01
  1.0700000E+02  2.9096836E-01 -4.8428719E-01  3.8045423E-01 -6.9693634E-02
  1.0700000E+02 -2.6750276E-02  2.8701445E-01  5.6391709E-01 -1.1127347E-01
  1.0700000E+02 -8.7492519E-01  6.1243263E-01 -3.2257730E-01  1.6272315E-01
  1.0800000E+02 -6.1349928E-02 -4.3021472E-01 -1.7915742E+00 -7.2757916E-01
  1.0800000E+02  1.9792557E-01 -9.0143400E-02  3.0286826E-01 -6.0205973E-03
  1.0800000E+02  1.3236967E+00 -2.8449357E-03 -1.3142436E+00 -5.3290944E-01
  1.0800000E+02  2.9383499E-01 -4.7316596E-01  3.9121906E-01 -2.0770429E-02
  1.0800000E+02 -3.5030465E-02  2.6854624E-01  5.7176509E-01 -1.4814649E-01
  1.0800000E+02 -8.0993543E-01  6.0081259E-01 -2.8305335E-01  6.2287356E-02
  1.0900000E+02  4.3159508E-02 -4.2251553E-01 -1.7456620E+00 -5.5240712E-01
  1.0900000E+02  2.0544568E-01 -1.0574466E-01  2.9555422E-01 -2.2669108E-02
  1.0900000E+02  1.2985577E+00  3.6415739E-03 -1.2763987E+00 -6.4046927E-01
  1.0900000E+02  2.9027174E-01 -4.6509588E-01  3.9829332E-01 -1.8535020E-02
  1.0900000E+02 -4.7931131E-02  2.5024152E-01  5.7685678E-01 -1.6753509E-01
  1.0900000E+02 -8.4585645E-01  5.8021723E-01 -2.4466023E-01 -8.3471955E-02
  1.1000000E+02  8.7813296E-02 -4.2069905E-01 -1.7075772E+00 -5.0048179E-01
  1.1000000E+02  2.1613601E-01 -1.2172617E-01  2.8772110E-01 -2.6897629E-02
  1.1000000E+02  1.2410881E+00  1.9392926E-03 -1.2195669E+00 -6.6689976E-01
  1.1000000E+02  2.8774673E-01 -4.4971963E-01  4.0462046E-01  1.2206066E-02
  1.1000000E+02 -6.1800367E-02  2.3181519E-01  5.8066736E-01 -1.7285441E-01
  1.1000000E+02 -8.3400999E-01  5.7735596E-01 -2.0247371E-01 -4.1954950E-02
  1.1100000E+02  1.1165994E-01 -4.2124074E-01 -1.6785467E+00 -5.5681308E-01
  1.1100000E+02  2.3141419E-01 -1.3930116E-01  2.7521606E-01 -3.1986507E-02
  1.1100000E+02  1.2116258E+00  6.7808965E-03 -1.1655720E+00 -6.9747806E-01
  1.1100000E+02  2.6318748E-01 -4.3649031E-01  4.1564575E-01  7.1385778E-02
  1.1100000E+02 -7.4982907E-02  2.1267521E-01  5.8556320E-01 -1.7046613E-01
  1.1100000E+02 -8.2311443E-01  5.3862163E-01 -1.6368728E-01 -3.5822601E-02
  1.1200000E+02  1.4990469E-01 -4.5053157E-01 -1.6580113E+00 -5.6449107E-01
  1.1200000E+02  2.5294172E-01 -1.5725385E-01  2.6031697E-01 -3.6657745E-02
  1.1200000E+02  1.2036925E+00  1.5598380E-03 -1.1121937E+00 -5.4769727E-01
  1.1200000E+02  2.1514508E-01 -4.4018088E-01  4.3089886E-01  8.6418126E-02
  1.1200000E+02 -8.7370047E-02  1.9309222E-01  5.9177576E-01 -1.6604034E-01
  1.1200000E+02 -7.7267868E-01  5.3242102E-01 -1.2925407E-01  3.4093831E-02
  1.1300000E+02  1.8088035E-01 -5.2989525E-01 -1.6494756E+00 -6.5161897E-01
  1.1300000E+02  2.7497566E-01 -1.7704489E-01  2.4120060E-01 -1.7648955E-02
  1.1300000E+02  1.2126746E+00 -2.0819354E-02 -1.0580237E+00 -4.9571527E-01
  1.1300000E+02  1.8902281E-01 -4.5931485E-01  4.5157841E-01 -3.1629686E-04
  1.1300000E+02 -9.8930228E-02  1.7316788E-01  5.9975069E-01 -1.6070378E-01
  1.1300000E+02 -7.0517792E-01  5.5923113E-01 -9.2364448E-02 -1.3470267E-01
  1.1400000E+02  2.2827248E-01 -5.7495758E-01 -1.6465226E+00 -7.6342427E-01
  1.1400000E+02  2.9046519E-01 -1.9967472E-01  2.1984254E-01  4.5344288E-03
  1.1400000E+02  1.2640846E+00 -4.2330086E-02 -9.9745435E-01 -4.8624406E-01
  1.1400000E+02  2.1473345E-01 -4.5819070E-01  4.6955864E-01 -8.6577392E-02
  1.1400000E+02 -1.0961049E-01  1.5314661E-01  6.0595531E-01 -1.5221611E-01
  1.1400000E+02 -7.4041850E-01  5.4940395E-01 -5.9022880E-02 -3.3353218E-01
  1.1500000E+02  2.6011443E-01 -5.8569132E-01 -1.6624542E+00 -6.7755033E-01
  1.1500000E+02  2.9836798E-01 -2.2103087E-01  1.9873540E-01  1.4277340E-02
  1.1500000E+02  1.2818302E+00 -4.6725059E-02 -9.2736852E-01 -3.9417262E-01
  1.1500000E+02  2.3948648E-01 -4.3526823E-01  4.8145994E-01 -1.3368137E-02
  1.1500000E+02 -1.1939167E-01  1.3406503E-01  6.0829169E-01 -1.4212084E-01
  1.1500000E+02 -7.6379059E-01  5.4946397E-01 -3.0572055E-02 -1.9486996E-01
  1.1600000E+02  2.8399637E-01 -6.6113375E-01 -1.6909569E+00 -7.4756887E-01
  1.1600000E+02  2.9648590E-01 -2.3804939E-01  1.7595590E-01  9.8380760E-03
  1.1600000E+02  1.2606017E+00 -5.6660885E-02 -8.5218145E-01 -2.4552366E-01
  1.1600000E+02  2.1757396E-01 -4.2325861E-01  4.9285679E-01  7.1258813E-02
  1.1600000E+02 -1.2814793E-01  1.1664217E-01  6.0930098E-01 -1.3344686E-01
  1.1600000E+02 -7.5021120E-01  5.6629184E-01 -2.1653498E-03 -9.6496405E-02
  1.1700000E+02  3.7649445E-01 -7.3406474E-01 -1.7184063E+00 -9.6998547E-01
  1.1700000E+02  2.9059734E-01 -2.4587457E-01  1.4953537E-01 -3.5281930E-02
  1.1700000E+02  1.2461004E+00 -1.1698114E-01 -7.8673456E-01 -7.9002343E-02
  1.1700000E+02  1.9183160E-01 -4.1695477E-01  5.0286763E-01  6.1237880E-03
  1.1700000E+02 -1.3563906E-01  1.0094746E-01  6.1081714E-01 -1.2468745E-01
  1.1700000E+02 -7.3356708E-01  5.6182135E-01  2.2788206E-02  5.6157706E-02
  1.1800000E+02  4.6177948E-01 -7.8219341E-01 -1.7488352E+00 -6.8847711E-01
  1.1800000E+02  2.9469173E-01 -2.3997225E-01  1.2241870E-01 -8.6242676E-02
  1.1800000E+02  1.2502967E+00 -1.8554551E-01 -7.2604617E-01 -7.9296499E-02
  1.1800000E+02  2.0919091E-01 -4.0209464E-01  5.1004210E-01 -1.0319837E-01
  1.1800000E+02 -1.4128342E-01  8.7198905E-02  6.1033679E-01 -1.1414202E-01
  1.1800000E+02 -6.5181509E-01  5.6147579E-01  4.4347658E-02  2.1895564E-01
  1.1900000E+02  4.5513998E-01 -8.5208030E-01 -1.7747646E+00 -4.5162158E-01
  1.1900000E+02  3.0336735E-01 -2.3215646E-01  9.4785132E-02 -5.8620510E-02
  1.1900000E+02  1.1988247E+00 -2.2315391E-01 -6.6763548E-01 -7.2826310E-02
  1.1900000E+02  2.5232402E-01 -3.8598968E-01  5.1579910E-01 -1.1011788E-01
  1.1900000E+02 -1.4471576E-01  7.5293984E-02  6.0954059E-01 -1.0356626E-01
  1.1900000E+02 -5.5365679E-01  5.6300852E-01  6.6642148E-02  1.3526042E-01
  1.2000000E+02  4.2460970E-01 -8.5740617E-01 -1.7861135E+00 -4.4148916E-01
  1.2000000E+02  2.9992888E-01 -2.3834175E-01  6.5902327E-02 -8.1676087E-03
  1.2000000E+02  1.1501248E+00 -2.3771925E-01 -6.1721532E-01 -9.2840293E-02
  1.2000000E+02  2.7698804E-01 -3.8013628E-01  5.1993317E-01 -1.5293916E-02
  1.2000000E+02 -1.4621224E-01  6.4954653E-02  6.0953446E-01 -9.3854861E-02
  1.2000000E+02 -5.2426783E-01  5.4830952E-01  8.8645424E-02 -2.2225954E-02
  1.2100000E+02  4.0302037E-01 -8.3784123E-01 -1.7999624E+00 -6.2437179E-01
  1.2100000E+02  2.9464205E-01 -2.4386576E-01  3.6257913E-02 -4.8830584E-02
  1.2100000E+02  1.0940837E+00 -2.6690523E-01 -5.7343000E-01 -3.6185979E-03
  1.2100000E+02  2.7131996E-01 -3.7762258E-01  5.2132956E-01  6.5465588E-02
  1.2100000E+02 -1.4589092E-01  5.6011979E-02  6.0794063E-01 -8.3412275E-02
  1.2100000E+02 -5.1296531E-01  5.4951866E-01  1.0685577E-01 -3.9561449E-02
  1.2200000E+02  3.8930686E-01 -9.1326451E-01 -1.8266939E+00 -7.8357299E-01
  1.2200000E+02  3.0634820E-01 -2.2668168E-01  7.7934437E-03 -1.2776955E-01
  1.2200000E+02  1.0488473E+00 -2.9997828E-01 -5.3296544E-01 -3.9485966E-02
  1.2200000E+02  2.5022061E-01 -3.6765564E-01  5.1917787E-01  9.0997055E-02
  1.2200000E+02 -1.4373589E-01  4.8392334E-02  6.0360749E-01 -7.1370534E-02
  1.2200000E+02 -4.8336181E-01  5.6659300E-01  1.2365269E-01 -4.7303190E-02
  1.2300000E+02  3.7023725E-01 -1.0202941E+00 -1.8592823E+00 -6.6974931E-01
  1.2300000E+02  3.3050886E-01 -1.9404726E-01 -1.5395493E-02 -1.5791658E-01
  1.2300000E+02  1.0139298E+00 -3.2664434E-01 -4.9440017E-01 -8.0650610E-02
  1.2300000E+02  2.2969325E-01 -3.5655801E-01  5.1616324E-01  6.1981659E-02
  1.2300000E+02 -1.3988838E-01  4.2050737E-02  5.9874069E-01 -5.8449414E-02
  1.2300000E+02 -4.7393211E-01  5.6363121E-01  1.3983176E-01 -6.7935653E-02
  1.2400000E+02  3.1134647E-01 -1.0948426E+00 -1.8861865E+00 -4.3566852E-01
  1.2400000E+02  3.6056831E-01 -1.5848774E-01 -3.3796733E-02 -1.7214884E-01
  1.2400000E+02  9.9879002E-01 -3.6377574E-01 -4.5437855E-01 -1.0179512E-01
  1.2400000E+02  2.2216675E-01 -3.4636614E-01  5.1391733E-01  2.3447140E-03
  1.2400000E+02 -1.3473166E-01  3.7102779E-02  5.9505142E-01 -4.5691848E-02
  1.2400000E+02 -4.5831253E-01  5.4254974E-01  1.5560409E-01  1.9470748E-02
  1.2500000E+02  2.2115111E-01 -1.0934144E+00 -1.9158213E+00 -4.0925912E-01
  1.2500000E+02  4.0366835E-01 -1.2043893E-01 -4.7474878E-02 -1.7658025E-01
  1.2500000E+02  9.9988832E-01 -4.0292929E-01 -4.1571061E-01 -1.2293635E-01
  1.2500000E+02  2.2672248E-01 -3.4206375E-01  5.1246640E-01 -2.6380221E-02
  1.2500000E+02 -1.2880942E-01  3.3538771E-02  5.9166967E-01 -3.3982420E-02
  1.2500000E+02 -3.9523725E-01  5.4073469E-01  1.7049944E-01  6.4429367E-02
  1.2600000E+02  2.0198979E-01 -1.0847305E+00 -1.9535774E+00 -4.5179112E-01
  1.2600000E+02  4.5435352E-01 -9.4492721E-02 -5.6788109E-02 -1.0410577E-01
  1.2600000E+02  9.9818890E-01 -4.3582503E-01 -3.7135240E-01  1.1673824E-02
  1.2600000E+02  2.3861700E-01 -3.4335174E-01  5.1138947E-01 -3.1024353E-02
  1.2600000E+02 -1.2257606E-01  3.1126201E-02  5.8801855E-01 -2.3958160E-02
  1.2600000E+02 -3.6440443E-01  5.4641633E-01  1.8580283E-01 -6.0272055E-02
  1.2700000E+02  1.6791744E-01 -1.1476029E+00 -1.9922686E+00 -4.0424233E-01
  1.2700000E+02  4.8906024E-01 -9.9124951E-02 -6.3026114E-02  1.2686745E-02
  1.2700000E+02  9.3492341E-01 -4.7929671E-01 -3.3441232E-01  6.4190328E-03
  1.2700000E+02  2.5068530E-01 -3.3752639E-01  5.0980060E-01 -5.0500251E-03
  1.2700000E+02 -1.1629852E-01  2.9624794E-02  5.8525835E-01 -1.5737655E-02
  1.2700000E+02 -3.8615139E-01  5.4186187E-01  2.0116098E-01 -7.0516763E-02
  1.2800000E+02  1.5193370E-01 -1.1777944E+00 -2.0094752E+00 -4.9881694E-01
  1.2800000E+02  4.9757732E-01 -1.2459683E-01 -7.0331362E-02  7.1088896E-02
  1.2800000E+02  8.4963650E-01 -5.0947755E-01 -3.0895147E-01 -7.3139314E-04
  1.2800000E+02  2.4345256E-01 -3.2683573E-01  5.0822479E-01  6.8232039E-02
  1.2800000E+02 -1.1008691E-01  2.8881504E-02  5.8393771E-01 -9.0275998E-03
  1.2800000E+02 -3.6666382E-01  5.4747651E-01  2.1593624E-01  5.3052911E-02
  1.2900000E+02  1.6207214E-01 -1.1900478E+00 -2.0176048E+00 -8.2063430E-01
  1.2900000E+02  4.9728741E-01 -1.4875967E-01 -7.7276326E-02  2.6968053E-02
  1.2900000E+02  8.3115646E-01 -5.1284482E-01 -2.8241200E-01 -1.7766709E-01
  1.2900000E+02  2.1135327E-01 -3.2368986E-01  5.0526459E-01  1.1493777E-01
  1.2900000E+02 -1.0411620E-01  2.8685246E-02  5.8197101E-01 -3.5269443E-03
  1.2900000E+02 -3.1602438E-01  5.5742336E-01  2.3219967E-01  4.6649723E-02
  1.3000000E+02  2.1493062E-01 -1.1630117E+00 -2.0219402E+00 -7.0083022E-01
  1.3000000E+02  5.0969970E-01 -1.5820348E-01 -8.4663290E-02 -5.6750799E-02
  1.3000000E+02  8.5855978E-01 -5.1737714E-01 -2.5060413E-01 -1.4573904E-02
  1.3000000E+02  1.8103202E-01 -3.2443441E-01  5.0190535E-01  5.9948126E-02
  1.3000000E+02 -9.8660406E-02  2.8778708E-02  5.7886245E-01  9.3636764E-04
  1.3000000E+02 -3.0798304E-01  5.6273532E-01  2.4830185E-01 -2.3550672E-02
  1.3100000E+02  1.8348154E-01 -1.0988712E+00 -2.0006394E+00 -6.0673786E-01
  1.3100000E+02  5.3294749E-01 -1.5813963E-01 -9.5527630E-02 -8.0948252E-02
  1.3100000E+02  7.9460556E-01 -5.6355379E-01 -2.2125341E-01  9.8200628E-02
  1.3100000E+02  1.8101722E-01 -3.1594639E-01  4.9985155E-01 -5.2544526E-02
  1.3100000E+02 -9.3768840E-02  2.9081843E-02  5.7693451E-01  4.4655787E-03
  1.3100000E+02 -3.2454265E-01  5.6967557E-01  2.6301092E-01  7.5457666E-03
  1.3200000E+02  1.9346723E-01 -1.0304494E+00 -1.9559173E+00 -5.5573752E-01
  1.3200000E+02  5.5151661E-01 -1.6944752E-01 -1.0899863E-01 -2.4307609E-02
  1.3200000E+02  7.1771863E-01 -5.8948728E-01 -1.9795386E-01  7.4402639E-02
  1.3200000E+02  2.0864607E-01 -2.9607186E-01  4.9906750E-01 -1.1595824E-01
  1.3200000E+02 -8.9412307E-02  2.9663282E-02  5.7693229E-01  7.1180086E-03
  1.3200000E+02 -3.0195779E-01  5.7691857E-01  2.7752588E-01  7.9597200E-02
  1.3300000E+02  1.6347999E-01 -1.0539358E+00 -1.9066306E+00 -5.9784703E-01
  1.3300000E+02  5.5580733E-01 -1.9976614E-01 -1.2394728E-01  2.3846274E-02
  1.3300000E+02  6.6963080E-01 -5.9652317E-01 -1.7423419E-01  5.0265574E-02
  1.3300000E+02  2.3578052E-01 -2.7591212E-01  4.9745608E-01 -7.7306881E-02
  1.3300000E+02 -8.5497709E-02  3.0485997E-02  5.7650819E-01  8.8671095E-03
  1.3300000E+02 -2.6131644E-01  5.8352566E-01  2.9049844E-01  2.7359846E-02
  1.3400000E+02  2.2241730E-01 -1.0021198E+00 -1.8710727E+00 -6.7530699E-01
  1.3400000E+02  5.5626457E-01 -2.3313807E-01 -1.3889523E-01  2.6629650E-02
  1.3400000E+02  6.3944646E-01 -6.2800708E-01 -1.4726588E-01 -6.0177356E-02
  1.3400000E+02  2.3765178E-01 -2.6733023E-01  4.9460770E-01  2.1574908E-02
  1.3400000E+02 -8.2017353E-02  3.1333908E-02  5.7497830E-01  9.6745706E-03
  1.3400000E+02 -2.7457525E-01  5.7657489E-01  3.0071886E-01 -8.2182041E-02
  1.3500000E+02  2.5833948E-01 -9.8048957E-01 -1.8216790E+00 -5.7714499E-01
  1.3500000E+02  5.6539293E-01 -2.6782767E-01 -1.5484896E-01  8.5649157E-03
  1.3500000E+02  6.6275538E-01 -6.5203194E-01 -1.1863064E-01 -2.7263123E-02
  1.3500000E+02  2.1398061E-01 -2.7131907E-01  4.9328562E-01  9.5544700E-02
  1.3500000E+02 -7.8964954E-02  3.2028719E-02  5.7253505E-01  9.7853574E-03
  1.3500000E+02 -3.0286631E-01  5.6291029E-01  3.0652268E-01 -2.6891990E-02
  1.3600000E+02  2.7672573E-01 -9.7780867E-01 -1.7886111E+00 -5.3490746E-01
  1.3600000E+02  5.8342728E-01 -2.9887086E-01 -1.7445879E-01  1.3332773E-02
  1.3600000E+02  6.2507962E-01 -6.9218146E-01 -9.0237693E-02  1.6518892E-02
  1.3600000E+02  1.8318959E-01 -2.7861841E-01  4.9398134E-01  9.7268734E-02
  1.3600000E+02 -7.6276574E-02  3.2552766E-02  5.7033660E-01  9.7548307E-03
  1.3600000E+02 -2.8122124E-01  5.6104243E-01  3.1149239E-01  4.7529884E-02
  1.3700000E+02  3.4130378E-01 -1.0188745E+00 -1.7440980E+00 -4.1294062E-01
  1.3700000E+02  5.8327889E-01 -3.4056302E-01 -1.9513055E-01  7.1275292E-02
  1.3700000E+02  6.1894427E-01 -6.9227018E-01 -6.5553944E-02 -3.6378188E-02
  1.3700000E+02  1.6240558E-01 -2.7961990E-01  4.9367200E-01  4.8411576E-02
  1.3700000E+02 -7.3886385E-02  3.2980116E-02  5.6826815E-01  1.0103442E-02
  1.3700000E+02 -2.5626055E-01  5.5385613E-01  3.1642627E-01 -4.5194174E-03
  1.3800000E+02  3.5266132E-01 -1.0356291E+00 -1.7139865E+00 -3.8112087E-01
  1.3800000E+02  5.6450625E-01 -3.8673541E-01 -2.1597243E-01  5.7467711E-02
  1.3800000E+02  6.2230764E-01 -6.7555234E-01 -4.5257842E-02 -1.9543620E-02
  1.3800000E+02  1.5490553E-01 -2.7329838E-01  4.9238655E-01  1.8544410E-03
  1.3800000E+02 -7.1731382E-02  3.3358439E-02  5.6475975E-01  1.1086006E-02
  1.3800000E+02 -2.6201800E-01  5.4063185E-01  3.1861621E-01 -3.3814029E-02
  1.3900000E+02  4.4129824E-01 -1.0856947E+00 -1.6851470E+00 -4.9506667E-01
  1.3900000E+02  5.4861556E-01 -4.2069673E-01 -2.4271033E-01  3.4574306E-02
  1.3900000E+02  6.1062012E-01 -6.5489798E-01 -2.4953490E-02 -3.5363668E-02
  1.3900000E+02  1.5360700E-01 -2.6520190E-01  4.9255077E-01 -1.4384724E-02
  1.3900000E+02 -6.9653777E-02  3.3756278E-02  5.6114531E-01  1.2702803E-02
  1.3900000E+02 -2.6281820E-01  5.3399401E-01  3.1832782E-01  6.4899396E-03
  1.4000000E+02  5.0585101E-01 -1.1202905E+00 -1.6343688E+00 -3.0986051E-01
  1.4000000E+02  5.4517910E-01 -4.4845260E-01 -2.7366289E-01 -2.1869307E-02
  1.4000000E+02  6.0854766E-01 -6.2921401E-01 -7.6142829E-03 -4.0897879E-02
  1.4000000E+02  1.5137571E-01 -2.6016784E-01  4.9399923E-01 -8.0679072E-03
  1.4000000E+02 -6.7500762E-02  3.4282884E-02  5.5825990E-01  1.4807048E-02
  1.4000000E+02 -2.3960779E-01  5.3332793E-01  3.1871155E-01  2.9549412E-02
  1.4100000E+02  5.1164599E-01 -1.1850545E+00 -1.5657966E+00 -3.8326448E-01
  1.4100000E+02  5.7434800E-01 -4.5909076E-01 -3.0399044E-01 -7.7468115E-02
  1.4100000E+02  5.6493175E-01 -6.2168994E-01  6.8340687E-03  7.6432304E-03
  1.4100000E+02  1.4640060E-01 -2.5892549E-01  4.9432908E-01 -8.7008095E-04
  1.4100000E+02 -6.5159418E-02  3.5042045E-02  5.5472645E-01  1.7086819E-02
  1.4100000E+02 -2.1845575E-01  5.3021406E-01  3.1785750E-01 -4.9935867E-03
  1.4200000E+02  4.9781832E-01 -1.2314015E+00 -1.5035421E+00 -1.8143640E-01
  1.4200000E+02  6.1578146E-01 -4.5889230E-01 -3.3325472E-01 -9.1525195E-02
  1.4200000E+02  5.5146458E-01 -6.1921211E-01  1.8120917E-02 -9.0897887E-02
  1.4200000E+02  1.4185381E-01 -2.5881290E-01  4.9322000E-01 -6.8179547E-03
  1.4200000E+02 -6.2583203E-02  3.6055283E-02  5.4991272E-01  1.9064206E-02
  1.4200000E+02 -2.1624605E-01  5.1848382E-01  3.1636816E-01 -2.6983699E-02
  1.4300000E+02  4.0488016E-01 -1.1708108E+00 -1.4426011E+00 -1.8458682E-02
  1.4300000E+02  6.4225549E-01 -4.5609861E-01 -3.6153232E-01 -5.9898962E-02
  1.4300000E+02  5.6172122E-01 -6.0987221E-01  2.7910868E-02 -2.4011689E-02
  1.4300000E+02  1.4138664E-01 -2.5665904E-01  4.9069362E-01 -2.3385409E-02
  1.4300000E+02 -5.9897360E-02  3.7296410E-02  5.4494295E-01  2.0256399E-02
  1.4300000E+02 -2.1212739E-01  5.0653831E-01  3.1593497E-01  4.3253912E-03
  1.4400000E+02  3.2412360E-01 -1.1039550E+00 -1.3950738E+00 -8.7999114E-02
  1.4400000E+02  6.5238425E-01 -4.6134323E-01 -3.8817186E-01 -5.1207408E-02
  1.4400000E+02  5.2131968E-01 -6.0870467E-01  3.6126714E-02  3.9036451E-02
  1.4400000E+02  1.4528469E-01 -2.5093177E-01  4.8795210E-01 -3.7337977E-02
  1.4400000E+02 -5.7241735E-02  3.8676226E-02  5.4043939E-01  2.0349369E-02
  1.4400000E+02 -1.9287674E-01  5.0155528E-01  3.1560437E-01  2.4387456E-02
  1.4500000E+02  2.5851388E-01 -1.0715416E+00 -1.3592779E+00  1.1190247E-02
  1.4500000E+02  6.6250264E-01 -4.6941167E-01 -4.1145880E-01 -3.5903157E-02
  1.4500000E+02  4.7753865E-01 -6.0282587E-01  4.3287837E-02 -6.0219758E-03
  1.4500000E+02  1.5025112E-01 -2.4268677E-01  4.8489027E-01 -3.5698301E-02
  1.4500000E+02 -5.4676512E-02  4.0129098E-02  5.3625196E-01  1.9277354E-02
  1.4500000E+02 -1.7460000E-01  4.9771067E-01  3.1533979E-01 -2.2155145E-03
  1.4600000E+02  1.6191379E-01 -9.9720660E-01 -1.3209971E+00  1.0874838E-02
  1.4600000E+02  6.4992129E-01 -4.8480780E-01 -4.3184405E-01 -3.9930069E-04
  1.4600000E+02  4.6040064E-01 -5.9998237E-01  4.8960816E-02 -3.7732289E-02
  1.4600000E+02  1.5188494E-01 -2.3490680E-01  4.8067374E-01 -1.6579888E-02
  1.4600000E+02 -5.2290096E-02  4.1618882E-02  5.3163349E-01  1.7192457E-02
  1.4600000E+02 -1.6848431E-01  4.9152285E-01  3.1627132E-01 -2.5829916E-02
  1.4700000E+02  1.0463168E-01 -9.4875610E-01 -1.2964073E+00 -7.1079228E-02
  1.4700000E+02  6.1462513E-01 -5.0632674E-01 -4.5221664E-01  3.9362925E-02
  1.4700000E+02  4.4594261E-01 -5.9941414E-01  5.2794802E-02 -7.8588707E-03
  1.4700000E+02  1.4795458E-01 -2.2998745E-01  4.7606274E-01  8.1953955E-03
  1.4700000E+02 -5.0161789E-02  4.3136434E-02  5.2801514E-01  1.4385609E-02
  1.4700000E+02 -1.6415138E-01  4.8873493E-01  3.1843196E-01 -1.1246927E-02
  1.4800000E+02  4.3751279E-02 -9.2878086E-01 -1.2825654E+00 -3.9429788E-02
  1.4800000E+02  5.6773422E-01 -5.3512926E-01 -4.6915289E-01  6.0111021E-02
  1.4800000E+02  4.0455918E-01 -5.8808811E-01  5.6082655E-02  4.4521778E-02
  1.4800000E+02  1.3963748E-01 -2.2774278E-01  4.7132072E-01  2.3725048E-02
  1.4800000E+02 -4.8321759E-02  4.4665214E-02  5.2438352E-01  1.1236659E-02
  1.4800000E+02 -1.5151246E-01  4.9298296E-01  3.2101306E-01  1.4687250E-02
  1.4900000E+02 -2.7919144E-02 -8.6465148E-01 -1.2663018E+00  3.4064218E-02
  1.4900000E+02  5.1841915E-01 -5.6784662E-01 -4.8382603E-01  3.0983082E-02
  1.4900000E+02  3.5510689E-01 -5.7456710E-01  5.9276409E-02  6.2708729E-03
  1.4900000E+02  1.3016614E-01 -2.2617477E-01  4.6651356E-01  2.3867216E-02
  1.4900000E+02 -4.6777328E-02  4.6221613E-02  5.2087438E-01  8.1616814E-03
  1.4900000E+02 -1.3472364E-01  4.9814691E-01  3.2425461E-01  1.5378766E-02
  1.5000000E+02 -8.7943002E-02 -8.0936661E-01 -1.2602263E+00 -1.7943036E-02
  1.5000000E+02  4.9617488E-01 -5.9813251E-01 -4.9960004E-01 -4.6279669E-02
  1.5000000E+02  3.4710888E-01 -5.7117073E-01  6.2404937E-02 -7.9856889E-02
  1.5000000E+02  1.2233418E-01 -2.2351285E-01  4.6177354E-01  1.2781468E-02
  1.5000000E+02 -4.5531941E-02  4.7840015E-02  5.1823652E-01  5.5362511E-03
  1.5000000E+02 -1.2319355E-01  4.9797078E-01  3.2869952E-01 -1.9616782E-03
