  0.0000000E+00  1.0865090E-02  6.7492346E-03  0.0000000E+00 -1.0459915E+00
  0.0000000E+00  1.3439898E-02  1.2279149E-02  0.0000000E+00 -1.0037729E+00
  0.0000000E+00  9.1430764E-03  1.4558439E-03  0.0000000E+00 -9.9824738E-01
  0.0000000E+00  4.7578261E-03  5.0766167E-03  0.0000000E+00 -1.0213189E+00
  0.0000000E+00  1.9658264E-03  1.4370239E-02  0.0000000E+00 -9.2848229E-01
  0.0000000E+00  6.3138148E-03  9.5716512E-03  0.0000000E+00 -9.3472920E-01
  1.0000000E+00  6.7889442E-03  3.8924048E-03 -4.6147339E-03 -1.0396366E+00
  1.0000000E+00  1.2863164E-03  1.7773336E-03 -3.7485884E-03 -9.6546878E-01
  1.0000000E+00  5.5013306E-03 -2.7261350E-03 -2.4058326E-05 -9.8514719E-01
  1.0000000E+00  3.8301344E-03 -8.8767705E-03 -8.6103367E-04 -1.0005040E+00
  1.0000000E+00 -8.0513308E-03  8.6487179E-03  8.5501401E-04 -9.4452203E-01
  1.0000000E+00  2.5317869E-03  8.0370576E-03 -2.3363719E-03 -9.3681016E-01
  2.0000000E+00  1.5096078E-02  2.1715006E-03 -7.7205277E-03 -1.0501947E+00
  2.0000000E+00  1.8961611E-03  5.3221042E-03 -1.6550370E-03 -9.4870507E-01
  2.0000000E+00  3.8498654E-03 -4.3148837E-03  2.5702427E-03 -9.6001402E-01
  2.0000000E+00  6.0668307E-03 -5.0945074E-03 -3.0631310E-03 -1.0143540E+00
  2.0000000E+00 -7.9597550E-03  6.6307280E-03  3.3290951E-03 -9.2823382E-01
  2.0000000E+00  3.1426408E-03  9.3747447E-03 -3.5852379E-03 -9.2846995E-01
  3.0000000E+00  1.5390772E-02  2.5018002E-04 -4.3967460E-03 -1.0239279E+00
  3.0000000E+00  4.4168702E-03  3.9593813E-03  1.7288129E-03 -9.5464947E-01
  3.0000000E+00  1.4794104E-03 -5.5926938E-03  2.0528966E-03 -9.5121274E-01
  3.0000000E+00  7.6436287E-03 -2.4596294E-03 -6.8727669E-04 -1.0253107E+00
  3.0000000E+00 -6.1822488E-03  6.7912941E-03  6.6604743E-03 -9.1191342E-01
  3.0000000E+00  4.5201584E-03  7.2085809E-03 -3.7333179E-03 -9.2773467E-01
  4.0000000E+00  1.3112050E-02 -1.9928487E-03  9.5486989E-04 -1.0022211E+00
  4.0000000E+00  6.9554499E-03  3.5618648E-04  1.5301114E-03 -9.3712418E-01
  4.0000000E+00 -1.0926843E-04 -1.6122159E-03  1.3775844E-03 -9.5545023E-01
  4.0000000E+00  1.3176204E-02  4.9034305E-04  2.9087316E-03 -1.0125312E+00
  4.0000000E+00 -5.5995732E-03  1.0129527E-02  7.6707705E-03 -9.0217474E-01
  4.0000000E+00  7.2170278E-03  5.0611517E-03 -4.5948845E-03 -9.1213784E-01
  5.0000000E+00  9.2707066E-03 -6.8929702E-04  4.5229191E-03 -9.7268418E-01
  5.0000000E+00  5.5470534E-03 -4.3419020E-04 -6.9419734E-04 -9.3379998E-01
  5.0000000E+00  1.7354161E-03  2.4962339E-03 -3.4397931E-04 -9.6807867E-01
  5.0000000E+00  1.5876937E-02 -1.4272202E-03  3.5482224E-03 -9.8932161E-01
  5.0000000E+00 -5.9290104E-03  1.4130019E-02  8.0572654E-03 -8.9710057E-01
  5.0000000E+00  9.2631722E-03  4.3778805E-03 -3.7866982E-03 -9.1903406E-01
  6.0000000E+00  6.6822142E-03  3.6146233E-05  4.1740205E-03 -9.6400011E-01
  6.0000000E+00  4.5401911E-04  9.5264331E-04 -1.3526512E-03 -9.1425309E-01
  6.0000000E+00  3.5116005E-03  4.5738964E-03 -1.7173711E-03 -9.6691386E-01
  6.0000000E+00  1.7415809E-02 -3.5197595E-03  2.1932867E-03 -9.6029497E-01
  6.0000000E+00 -3.0989254E-03  1.7223800E-02  9.9675483E-03 -8.8607439E-01
  6.0000000E+00  8.7373650E-03  2.7304679E-03 -1.4165628E-03 -9.2668497E-01
  7.0000000E+00  6.5282729E-03 -8.0117392E-04  2.9509766E-03 -9.5155633E-01
  7.0000000E+00  1.3203778E-03  3.4916925E-03  2.5845279E-05 -9.0254909E-01
  7.0000000E+00  6.6495782E-03  4.9001840E-03 -2.6205610E-03 -9.5600011E-01
  7.0000000E+00  1.7751614E-02 -4.9826920E-03  1.1747717E-03 -9.4485454E-01
  7.0000000E+00  1.4830892E-04  1.7281577E-02  1.2613708E-02 -8.8567781E-01
  7.0000000E+00  9.7808039E-03  1.0034547E-03  5.6425665E-04 -9.3280469E-01
  8.0000000E+00  7.8900879E-03 -5.3995107E-04  1.4697018E-03 -9.4126854E-01
  8.0000000E+00  4.8788481E-03  4.9289920E-03  1.3440972E-03 -9.0932148E-01
  8.0000000E+00  8.4565895E-03  5.2845676E-03 -2.4119368E-03 -9.5009620E-01
  8.0000000E+00  1.6607590E-02 -5.4092294E-03 -5.9029074E-05 -9.3887448E-01
  8.0000000E+00  1.0020574E-03  1.5887867E-02  1.5597795E-02 -8.8057525E-01
  8.0000000E+00  1.0552830E-02 -1.0386981E-03  6.6958658E-04 -9.2954499E-01
  9.0000000E+00  9.0941819E-03 -7.9257997E-04  1.0173871E-03 -9.2905866E-01
  9.0000000E+00  6.5639219E-03  5.3847074E-03  2.3774030E-03 -9.1337130E-01
  9.0000000E+00  1.1583586E-02  5.5720763E-03 -2.1353952E-03 -9.3899881E-01
  9.0000000E+00  1.7120892E-02 -5.6650971E-03 -2.2467628E-03 -9.3307502E-01
  9.0000000E+00  2.2210337E-03  1.4995667E-02  1.8363071E-02 -8.7133622E-01
  9.0000000E+00  8.2533855E-03 -2.8001070E-03  6.3975079E-04 -9.2312385E-01
  1.0000000E+01  7.3284980E-03 -1.9755496E-04  8.9157892E-04 -9.1920538E-01
  1.0000000E+01  8.0083447E-03  5.1900472E-03  2.6066702E-03 -9.1735968E-01
  1.0000000E+01  1.4986115E-02  5.7812141E-03 -2.8186960E-03 -9.3276760E-01
  1.0000000E+01  1.8119058E-02 -5.7827707E-03 -3.6361677E-03 -9.2273651E-01
  1.0000000E+01  1.8751272E-03  1.3299474E-02  1.9772603E-02 -8.7705259E-01
  1.0000000E+01  7.7011667E-03 -3.5090229E-03  8.8076620E-04 -9.1161262E-01
  1.1000000E+01  5.5315509E-03  1.2762863E-05  4.5355357E-05 -9.1884885E-01
  1.1000000E+01  7.8094136E-03  4.3258766E-03  2.6166288E-03 -9.1199785E-01
  1.1000000E+01  1.7822085E-02  5.4649987E-03 -2.8572442E-03 -9.1774654E-01
  1.1000000E+01  1.7889727E-02 -6.2692594E-03 -3.9880653E-03 -9.2582002E-01
  1.1000000E+01  2.3292973E-03  1.1740392E-02  2.1231808E-02 -8.7980273E-01
  1.1000000E+01  7.0866001E-03 -4.5779248E-03  1.7433163E-04 -9.0574160E-01
  1.2000000E+01  4.8627242E-03 -9.9619419E-05 -4.6178005E-04 -9.2060707E-01
  1.2000000E+01  7.8500169E-03  3.6328589E-03  1.5932966E-03 -9.0691718E-01
  1.2000000E+01  2.0278392E-02  4.2659336E-03 -3.2944093E-03 -9.0821194E-01
  1.2000000E+01  1.8938744E-02 -5.8621012E-03 -3.6916070E-03 -9.2370476E-01
  1.2000000E+01  2.4719630E-03  1.1245113E-02  2.3161434E-02 -8.8222591E-01
  1.2000000E+01  5.0322093E-03 -6.0713669E-03 -1.0112184E-03 -9.0215541E-01
  1.3000000E+01  3.4640136E-03  2.8110528E-04 -4.8699507E-04 -9.1637902E-01
  1.3000000E+01  7.5536422E-03  3.3021157E-03  2.9085100E-06 -9.0278946E-01
  1.3000000E+01  2.0933339E-02  2.3684439E-03 -4.1846103E-03 -9.0920501E-01
  1.3000000E+01  2.0928243E-02 -4.7015929E-03 -4.2684023E-03 -9.1637543E-01
  1.3000000E+01  3.4709306E-04  1.2277437E-02  2.4780507E-02 -8.8238538E-01
  1.3000000E+01  3.9147040E-03 -6.7901317E-03 -2.3589316E-03 -9.0067030E-01
  1.4000000E+01  1.5324923E-03  1.0062370E-03 -6.3888804E-04 -9.0548893E-01
  1.4000000E+01  6.8710374E-03  3.5844283E-03 -1.9556255E-03 -8.9911072E-01
  1.4000000E+01  2.1516781E-02  8.1980438E-04 -5.7566703E-03 -9.1173922E-01
  1.4000000E+01  2.4195015E-02 -4.0228639E-03 -5.3739197E-03 -9.1366376E-01
  1.4000000E+01 -1.4024014E-03  1.3783563E-02  2.7143839E-02 -8.7799880E-01
  1.4000000E+01  3.1582693E-03 -6.9366351E-03 -3.2910620E-03 -8.9428994E-01
  1.5000000E+01  3.7499326E-04  1.7635052E-03 -6.3019845E-04 -9.0473586E-01
  1.5000000E+01  5.6035182E-03  3.3103328E-03 -3.0550371E-03 -8.9301087E-01
  1.5000000E+01  2.1943121E-02 -4.7541743E-04 -6.4956206E-03 -9.0479799E-01
  1.5000000E+01  2.7863068E-02 -4.3756093E-03 -6.0286481E-03 -9.1032038E-01
  1.5000000E+01 -3.1277172E-03  1.4838234E-02  3.0105231E-02 -8.6855563E-01
  1.5000000E+01  8.7306653E-04 -7.4598128E-03 -3.7225261E-03 -8.8489536E-01
  1.6000000E+01 -7.9681075E-04  2.7761113E-03 -1.6535739E-05 -8.9757174E-01
  1.6000000E+01  4.6419564E-03  2.8045590E-03 -3.4314671E-03 -8.7981195E-01
  1.6000000E+01  2.2562018E-02 -1.3872833E-03 -7.4970643E-03 -8.9698479E-01
  1.6000000E+01  3.1676327E-02 -5.4323497E-03 -6.7384410E-03 -9.0156381E-01
  1.6000000E+01 -5.5472893E-03  1.5511458E-02  3.4074553E-02 -8.6406019E-01
  1.6000000E+01 -1.0212618E-03 -7.7797426E-03 -4.9825204E-03 -8.7826640E-01
  1.7000000E+01 -2.1783028E-03  3.6249578E-03  1.8600578E-03 -8.9074171E-01
  1.7000000E+01  3.1193986E-03  2.2237661E-03 -3.7180901E-03 -8.7857923E-01
  1.7000000E+01  2.4130362E-02 -2.1968428E-03 -8.0287636E-03 -8.9464791E-01
  1.7000000E+01  3.6084281E-02 -6.8097316E-03 -7.9463974E-03 -8.9297365E-01
  1.7000000E+01 -8.8519286E-03  1.6255940E-02  3.8071788E-02 -8.5507387E-01
  1.7000000E+01 -3.2364481E-03 -8.5044854E-03 -6.8176313E-03 -8.8222028E-01
  1.8000000E+01 -3.7256030E-03  4.8908345E-03  4.3303977E-03 -8.8486171E-01
  1.8000000E+01  6.9695923E-04  2.1499153E-03 -4.1706264E-03 -8.7698862E-01
  1.8000000E+01  2.5274781E-02 -2.9873907E-03 -8.6794801E-03 -8.9177357E-01
  1.8000000E+01  4.0819213E-02 -8.6512192E-03 -9.3123609E-03 -8.8660184E-01
  1.8000000E+01 -1.2235039E-02  1.7062054E-02  4.2021724E-02 -8.5656736E-01
  1.8000000E+01 -6.0966817E-03 -8.9672736E-03 -9.3231002E-03 -8.7465162E-01
  1.9000000E+01 -5.4685035E-03  6.6142500E-03  6.3376065E-03 -8.7996487E-01
  1.9000000E+01 -1.3617297E-03  2.6883781E-03 -4.3837475E-03 -8.7392696E-01
  1.9000000E+01  2.5887098E-02 -3.7196499E-03 -9.7682801E-03 -8.8814218E-01
  1.9000000E+01  4.6473105E-02 -1.0716570E-02 -1.0540425E-02 -8.7959069E-01
  1.9000000E+01 -1.5577038E-02  1.8174392E-02  4.6186585E-02 -8.5454234E-01
  1.9000000E+01 -9.3235060E-03 -9.3380693E-03 -1.2314946E-02 -8.6981511E-01
  2.0000000E+01 -6.7440663E-03  8.4387592E-03  8.1643078E-03 -8.7830587E-01
  2.0000000E+01 -2.8112182E-03  3.2890976E-03 -4.9559432E-03 -8.7039244E-01
  2.0000000E+01  2.6700488E-02 -4.2668350E-03 -1.1451314E-02 -8.8244287E-01
  2.0000000E+01  5.2264494E-02 -1.2955373E-02 -1.2416924E-02 -8.7690592E-01
  2.0000000E+01 -1.9318099E-02  1.9855873E-02  5.1301717E-02 -8.4586916E-01
  2.0000000E+01 -1.3201225E-02 -9.5585263E-03 -1.6576236E-02 -8.6946034E-01
  2.1000000E+01 -7.7135778E-03  1.0064676E-02  1.0232156E-02 -8.7405243E-01
  2.1000000E+01 -4.9454226E-03  3.8415730E-03 -5.6904695E-03 -8.7148957E-01
  2.1000000E+01  2.8051879E-02 -4.7714985E-03 -1.3457457E-02 -8.7969951E-01
  2.1000000E+01  5.8851077E-02 -1.5420045E-02 -1.3942390E-02 -8.7415612E-01
  2.1000000E+01 -2.3485520E-02  2.1806897E-02  5.7289639E-02 -8.4317573E-01
  2.1000000E+01 -1.8019938E-02 -9.5051924E-03 -2.1447753E-02 -8.7036651E-01
  2.2000000E+01 -8.8623931E-03  1.1494434E-02  1.2651693E-02 -8.6917838E-01
  2.2000000E+01 -8.1024174E-03  4.6015636E-03 -7.0195842E-03 -8.6659357E-01
  2.2000000E+01  2.9782855E-02 -5.0853560E-03 -1.5684722E-02 -8.7702656E-01
  2.2000000E+01  6.7519451E-02 -1.8384859E-02 -1.5680084E-02 -8.6546399E-01
  2.2000000E+01 -2.8138710E-02  2.3783628E-02  6.4044852E-02 -8.3599262E-01
  2.2000000E+01 -2.3976338E-02 -8.8688050E-03 -2.6746576E-02 -8.6531883E-01
  2.3000000E+01 -1.1294201E-02  1.2886885E-02  1.5926929E-02 -8.6939625E-01
  2.3000000E+01 -1.1902211E-02  5.6562446E-03 -8.3240902E-03 -8.6279996E-01
  2.3000000E+01  3.1291332E-02 -5.3113339E-03 -1.7879890E-02 -8.7092927E-01
  2.3000000E+01  7.7924178E-02 -2.2274029E-02 -1.7561315E-02 -8.6023777E-01
  2.3000000E+01 -3.3104820E-02  2.5952871E-02  7.2065831E-02 -8.2749723E-01
  2.3000000E+01 -3.0898145E-02 -7.5591591E-03 -3.2895838E-02 -8.5935521E-01
  2.4000000E+01 -1.3801296E-02  1.4704893E-02  2.0016224E-02 -8.6533423E-01
  2.4000000E+01 -1.5723473E-02  6.9826008E-03 -9.7594229E-03 -8.6289028E-01
  2.4000000E+01  3.3011625E-02 -5.4478715E-03 -1.9983823E-02 -8.6519794E-01
  2.4000000E+01  8.9129231E-02 -2.7212842E-02 -1.9797629E-02 -8.4887965E-01
  2.4000000E+01 -3.8723655E-02  2.8209328E-02  8.1003297E-02 -8.1614413E-01
  2.4000000E+01 -3.9070927E-02 -5.6912047E-03 -3.9980130E-02 -8.5627608E-01
  2.5000000E+01 -1.6407583E-02  1.6610636E-02  2.4642040E-02 -8.5775613E-01
  2.5000000E+01 -2.0183836E-02  8.5064410E-03 -1.1654319E-02 -8.5941096E-01
  2.5000000E+01  3.4728935E-02 -5.5513888E-03 -2.2478860E-02 -8.6336344E-01
  2.5000000E+01  1.0187036E-01 -3.3222596E-02 -2.2220536E-02 -8.3858091E-01
  2.5000000E+01 -4.5203458E-02  3.0633280E-02  9.1368236E-02 -8.0488436E-01
  2.5000000E+01 -4.8552434E-02 -2.9742712E-03 -4.8559602E-02 -8.5473770E-01
  2.6000000E+01 -1.9492937E-02  1.8737300E-02  2.9756521E-02 -8.5014891E-01
  2.6000000E+01 -2.5693172E-02  1.0160672E-02 -1.4066240E-02 -8.5401637E-01
  2.6000000E+01  3.6640313E-02 -5.4320558E-03 -2.5576346E-02 -8.6089056E-01
  2.6000000E+01  1.1636054E-01 -4.0457687E-02 -2.5065893E-02 -8.2992330E-01
  2.6000000E+01 -5.2443370E-02  3.3243186E-02  1.0338570E-01 -7.8804013E-01
  2.6000000E+01 -5.9998011E-02  7.3273869E-04 -5.9017935E-02 -8.5170833E-01
  2.7000000E+01 -2.2634849E-02  2.1302483E-02  3.5752552E-02 -8.4283953E-01
  2.7000000E+01 -3.2285555E-02  1.2252080E-02 -1.6904498E-02 -8.5081630E-01
  2.7000000E+01  3.8880908E-02 -5.0713617E-03 -2.9173326E-02 -8.5843294E-01
  2.7000000E+01  1.3264038E-01 -4.9087587E-02 -2.7968927E-02 -8.2100771E-01
  2.7000000E+01 -6.0356575E-02  3.5944200E-02  1.1709206E-01 -7.7264257E-01
  2.7000000E+01 -7.3593725E-02  5.8030559E-03 -7.1275904E-02 -8.4843921E-01
  2.8000000E+01 -2.6121525E-02  2.4070101E-02  4.2865363E-02 -8.3479660E-01
  2.8000000E+01 -3.9633105E-02  1.4886900E-02 -2.0322165E-02 -8.4585667E-01
  2.8000000E+01  4.1362109E-02 -4.4287393E-03 -3.3618639E-02 -8.5348098E-01
  2.8000000E+01  1.5087045E-01 -5.9248347E-02 -3.1033287E-02 -8.0990447E-01
  2.8000000E+01 -6.9568399E-02  3.8627906E-02  1.3227278E-01 -7.5878505E-01
  2.8000000E+01 -8.9608848E-02  1.2585688E-02 -8.5701740E-02 -8.4703883E-01
  2.9000000E+01 -2.9993628E-02  2.6926491E-02  5.1373856E-02 -8.2590599E-01
  2.9000000E+01 -4.7980184E-02  1.7865876E-02 -2.4424843E-02 -8.4168561E-01
  2.9000000E+01  4.3870486E-02 -3.5054110E-03 -3.9053896E-02 -8.5084130E-01
  2.9000000E+01  1.7144240E-01 -7.1166044E-02 -3.4158412E-02 -7.9911574E-01
  2.9000000E+01 -7.9705029E-02  4.1102264E-02  1.4899431E-01 -7.3574368E-01
  2.9000000E+01 -1.0833074E-01  2.1776116E-02 -1.0264175E-01 -8.4463388E-01
  3.0000000E+01 -3.4159269E-02  2.9817050E-02  6.1437375E-02 -8.1782875E-01
  3.0000000E+01 -5.7945272E-02  2.1163743E-02 -2.9211772E-02 -8.3818455E-01
  3.0000000E+01  4.6617135E-02 -2.3113526E-03 -4.5705231E-02 -8.5033185E-01
  3.0000000E+01  1.9490125E-01 -8.5033178E-02 -3.6973293E-02 -7.8890923E-01
  3.0000000E+01 -9.0137722E-02  4.3461240E-02  1.6757345E-01 -7.0818620E-01
  3.0000000E+01 -1.2985020E-01  3.4018831E-02 -1.2238521E-01 -8.3923546E-01
  3.1000000E+01 -3.8769463E-02  3.2903379E-02  7.2985919E-02 -8.0727225E-01
  3.1000000E+01 -6.9706478E-02  2.4962448E-02 -3.4633664E-02 -8.3273652E-01
  3.1000000E+01  4.9849123E-02 -7.4664765E-04 -5.3830142E-02 -8.4790121E-01
  3.1000000E+01  2.2108333E-01 -1.0130826E-01 -3.9289739E-02 -7.7746867E-01
  3.1000000E+01 -1.0088273E-01  4.5518285E-02  1.8804759E-01 -6.7465398E-01
  3.1000000E+01 -1.5436440E-01  5.0172330E-02 -1.4489742E-01 -8.3414348E-01
  3.2000000E+01 -4.3821328E-02  3.6172570E-02  8.6092816E-02 -7.9424795E-01
  3.2000000E+01 -8.3408220E-02  2.9505204E-02 -4.0534929E-02 -8.2661475E-01
  3.2000000E+01  5.3308957E-02  1.2233825E-03 -6.3457847E-02 -8.4465678E-01
  3.2000000E+01  2.4997751E-01 -1.2037559E-01 -4.0903482E-02 -7.6573569E-01
  3.2000000E+01 -1.1164579E-01  4.7318043E-02  2.1027734E-01 -6.3679811E-01
  3.2000000E+01 -1.8191180E-01  7.1289636E-02 -1.7053968E-01 -8.2550292E-01
  3.3000000E+01 -4.9267636E-02  3.9599282E-02  1.0103990E-01 -7.7987420E-01
  3.3000000E+01 -9.9440428E-02  3.5049330E-02 -4.7243015E-02 -8.1778856E-01
  3.3000000E+01  5.7402776E-02  3.8257258E-03 -7.5138719E-02 -8.4240667E-01
  3.3000000E+01  2.8160021E-01 -1.4221960E-01 -4.1290216E-02 -7.5076487E-01
  3.3000000E+01 -1.2221480E-01  4.8490186E-02  2.3402179E-01 -5.9530922E-01
  3.3000000E+01 -2.1168362E-01  9.8462135E-02 -1.9932562E-01 -8.1375164E-01
  3.4000000E+01 -5.5149351E-02  4.2849266E-02  1.1813603E-01 -7.6407081E-01
  3.4000000E+01 -1.1811166E-01  4.1819560E-02 -5.4845547E-02 -8.0750890E-01
  3.4000000E+01  6.2121960E-02  7.1596148E-03 -8.9815672E-02 -8.3996074E-01
  3.4000000E+01  3.1557818E-01 -1.6672265E-01 -3.9828228E-02 -7.2556483E-01
  3.4000000E+01 -1.3242488E-01  4.8855114E-02  2.5892847E-01 -5.5001520E-01
  3.4000000E+01 -2.4242123E-01  1.3274868E-01 -2.3112409E-01 -7.9780027E-01
  3.5000000E+01 -6.1578616E-02  4.5657869E-02  1.3723550E-01 -7.4690022E-01
  3.5000000E+01 -1.3968974E-01  5.0200510E-02 -6.3407531E-02 -7.9868118E-01
  3.5000000E+01  6.7721455E-02  1.1215741E-02 -1.0809362E-01 -8.3783779E-01
  3.5000000E+01  3.5061646E-01 -1.9405003E-01 -3.5965869E-02 -6.8306880E-01
  3.5000000E+01 -1.4218375E-01  4.8358344E-02  2.8454390E-01 -5.0126910E-01
  3.5000000E+01 -2.7221655E-01  1.7509402E-01 -2.6558934E-01 -7.6986102E-01
  3.6000000E+01 -6.8139199E-02  4.7737248E-02  1.5801917E-01 -7.2568031E-01
  3.6000000E+01 -1.6492433E-01  6.0404711E-02 -7.3039701E-02 -7.8924360E-01
  3.6000000E+01  7.5164728E-02  1.6095070E-02 -1.3066747E-01 -8.3699892E-01
  3.6000000E+01  3.8352232E-01 -2.2382967E-01 -2.9111232E-02 -6.0926527E-01
  3.6000000E+01 -1.5097227E-01  4.7159806E-02  3.1013975E-01 -4.4834213E-01
  3.6000000E+01 -2.9689801E-01  2.2616584E-01 -3.0260081E-01 -7.2702656E-01
  3.7000000E+01 -7.4718390E-02  4.8784473E-02  1.8005130E-01 -7.0207271E-01
  3.7000000E+01 -1.9380517E-01  7.2969769E-02 -8.4019135E-02 -7.7836032E-01
  3.7000000E+01  8.4595104E-02  2.1543763E-02 -1.5895399E-01 -8.3403609E-01
  3.7000000E+01  4.0834718E-01 -2.5543799E-01 -1.9022624E-02 -5.1116980E-01
  3.7000000E+01 -1.5799119E-01  4.5461049E-02  3.3499162E-01 -3.9396357E-01
  3.7000000E+01 -3.1197097E-01  2.8507013E-01 -3.4192728E-01 -6.7283058E-01
  3.8000000E+01 -8.1705550E-02  4.8476049E-02  2.0305024E-01 -6.7686206E-01
  3.8000000E+01 -2.2667778E-01  8.8310819E-02 -9.6158047E-02 -7.6680030E-01
  3.8000000E+01  9.6974297E-02  2.7298289E-02 -1.9460652E-01 -8.2991325E-01
  3.8000000E+01  4.2307449E-01 -2.8754486E-01 -5.4382483E-03 -4.2391369E-01
  3.8000000E+01 -1.6274960E-01  4.3225591E-02  3.5849099E-01 -3.4157850E-01
  3.8000000E+01 -3.1408554E-01  3.5047434E-01 -3.8399616E-01 -6.3346832E-01
  3.9000000E+01 -8.8759694E-02  4.6737310E-02  2.2629412E-01 -6.4593190E-01
  3.9000000E+01 -2.6387260E-01  1.0687967E-01 -1.0893494E-01 -7.5120892E-01
  3.9000000E+01  1.1382953E-01  3.2727728E-02 -2.3955410E-01 -8.2116820E-01
  3.9000000E+01  4.3305891E-01 -3.1943421E-01  1.1696649E-02 -3.8291693E-01
  3.9000000E+01 -1.6488000E-01  4.0636608E-02  3.8006119E-01 -2.9491028E-01
  3.9000000E+01 -3.0696227E-01  4.2203149E-01 -4.2973139E-01 -6.3731636E-01
  4.0000000E+01 -9.5557595E-02  4.3552472E-02  2.4935733E-01 -6.1209725E-01
  4.0000000E+01 -3.0498610E-01  1.2929824E-01 -1.2169459E-01 -7.2760028E-01
  4.0000000E+01  1.3625494E-01  3.6556458E-02 -2.9570264E-01 -8.0921557E-01
  4.0000000E+01  4.4759711E-01 -3.5040742E-01  3.1864352E-02 -3.6811931E-01
  4.0000000E+01 -1.6411325E-01  3.7923397E-02  3.9903365E-01 -2.5738835E-01
  4.0000000E+01 -2.9710199E-01  5.0005769E-01 -4.8041090E-01 -6.6635628E-01
  4.1000000E+01 -1.0198063E-01  3.8855493E-02  2.7163881E-01 -5.7805821E-01
  4.1000000E+01 -3.4899395E-01  1.5604749E-01 -1.3334415E-01 -6.9185768E-01
  4.1000000E+01  1.6520350E-01  3.6645737E-02 -3.6463027E-01 -7.9439739E-01
  4.1000000E+01  4.6294964E-01 -3.7892783E-01  5.3710059E-02 -3.1633906E-01
  4.1000000E+01 -1.6034013E-01  3.5468069E-02  4.1465979E-01 -2.3020506E-01
  4.1000000E+01 -2.7800865E-01  5.8016078E-01 -5.3681794E-01 -6.6310834E-01
  4.2000000E+01 -1.0774411E-01  3.2304565E-02  2.9272541E-01 -5.4444219E-01
  4.2000000E+01 -3.9330430E-01  1.8702159E-01 -1.4224825E-01 -6.3056024E-01
  4.2000000E+01  2.0098207E-01  3.0045371E-02 -4.4708694E-01 -7.7604635E-01
  4.2000000E+01  4.6809106E-01 -4.0113248E-01  7.5786483E-02 -2.4117615E-01
  4.2000000E+01 -1.5339504E-01  3.3919186E-02  4.2638336E-01 -2.0752926E-01
  4.2000000E+01 -2.4313306E-01  6.5117168E-01 -5.9863206E-01 -6.8427677E-01
  4.3000000E+01 -1.1246553E-01  2.3451172E-02  3.1214858E-01 -5.0965695E-01
  4.3000000E+01 -4.3168886E-01  2.2157055E-01 -1.4655363E-01 -5.3564959E-01
  4.3000000E+01  2.4220034E-01  1.3597088E-02 -5.4251152E-01 -7.5737123E-01
  4.3000000E+01  4.6183872E-01 -4.1781796E-01  9.8219804E-02 -1.8996540E-01
  4.3000000E+01 -1.4334245E-01  3.4421024E-02  4.3479689E-01 -1.8619708E-01
  4.3000000E+01 -2.0120977E-01  7.0608097E-01 -6.6310444E-01 -7.2988385E-01
  4.4000000E+01 -1.1570992E-01  1.1903199E-02  3.2938105E-01 -4.7764920E-01
  4.4000000E+01 -4.5775408E-01  2.5834533E-01 -1.4516169E-01 -4.2968298E-01
  4.4000000E+01  2.8509958E-01 -1.5102488E-02 -6.4860716E-01 -7.4296693E-01
  4.4000000E+01  4.5335353E-01 -4.3418396E-01  1.2114306E-01 -1.6483722E-01
  4.4000000E+01 -1.3070059E-01  3.8103472E-02  4.4099016E-01 -1.6409403E-01
  4.4000000E+01 -1.6155448E-01  7.3478663E-01 -7.2313354E-01 -7.8105153E-01
  4.5000000E+01 -1.1692471E-01 -2.7398565E-03  3.4366208E-01 -4.5397990E-01
  4.5000000E+01 -4.6893856E-01  2.9640709E-01 -1.3835565E-01 -3.4424284E-01
  4.5000000E+01  3.2505224E-01 -5.6744699E-02 -7.6249068E-01 -7.3612491E-01
  4.5000000E+01  4.3696529E-01 -4.4926089E-01  1.4362646E-01 -9.3826174E-02
  4.5000000E+01 -1.1614386E-01  4.5901755E-02  4.4566795E-01 -1.3978319E-01
  4.5000000E+01 -1.2940585E-01  7.3505542E-01 -7.6929135E-01 -7.9565757E-01
  4.6000000E+01 -1.1548520E-01 -2.0659695E-02  3.5422812E-01 -4.4824392E-01
  4.6000000E+01 -4.6814372E-01  3.3607002E-01 -1.2758644E-01 -2.9778373E-01
  4.6000000E+01  3.5651162E-01 -1.0882399E-01 -8.8120170E-01 -7.2583981E-01
  4.6000000E+01  4.0705657E-01 -4.5989655E-01  1.6477652E-01 -6.0825263E-02
  4.6000000E+01 -1.0074459E-01  5.7986161E-02  4.4919423E-01 -1.1553194E-01
  4.6000000E+01 -1.0636684E-01  7.1544867E-01 -7.9514963E-01 -7.7178135E-01
  4.7000000E+01 -1.1075034E-01 -4.0701984E-02  3.6029034E-01 -4.6807266E-01
  4.7000000E+01 -4.5600033E-01  3.7687107E-01 -1.1554326E-01 -2.3511605E-01
  4.7000000E+01  3.7530783E-01 -1.6597332E-01 -1.0006374E+00 -7.1802383E-01
  4.7000000E+01  3.8140551E-01 -4.6649934E-01  1.8388195E-01 -5.7111207E-02
  4.7000000E+01 -8.5453681E-02  7.3723785E-02  4.5159451E-01 -9.0455349E-02
  4.7000000E+01 -9.4329769E-02  6.9586309E-01 -8.0297568E-01 -7.1295589E-01
  4.8000000E+01 -1.0180498E-01 -6.0693151E-02  3.6187315E-01 -5.1826062E-01
  4.8000000E+01 -4.1338745E-01  4.1891822E-01 -1.0527842E-01 -1.2291820E-01
  4.8000000E+01  3.7967639E-01 -2.2397455E-01 -1.1159572E+00 -7.0740977E-01
  4.8000000E+01  3.5065581E-01 -4.7282047E-01  1.9989946E-01 -1.5099375E-02
  4.8000000E+01 -7.0631531E-02  9.1976651E-02  4.5265681E-01 -6.2325646E-02
  4.8000000E+01 -8.2150266E-02  6.9046159E-01 -8.0125404E-01 -6.4541598E-01
  4.9000000E+01 -8.6825224E-02 -7.7746908E-02  3.5952821E-01 -5.8647450E-01
  4.9000000E+01 -3.4110417E-01  4.6506403E-01 -9.8003490E-02 -7.2348482E-02
  4.9000000E+01  3.7093745E-01 -2.7619066E-01 -1.2269746E+00 -6.9420887E-01
  4.9000000E+01  3.1669152E-01 -4.7775010E-01  2.1345344E-01 -2.2677257E-02
  4.9000000E+01 -5.5994425E-02  1.1119150E-01  4.5299680E-01 -3.1560984E-02
  4.9000000E+01 -7.1903384E-02  7.0026765E-01 -7.9732521E-01 -6.1705768E-01
  5.0000000E+01 -6.4772415E-02 -8.9895189E-02  3.5432996E-01 -6.4008844E-01
  5.0000000E+01 -2.5932999E-01  5.1395244E-01 -9.4387506E-02 -2.8864713E-02
  5.0000000E+01  3.5796805E-01 -3.1595341E-01 -1.3303366E+00 -6.8672541E-01
  5.0000000E+01  2.8722391E-01 -4.7856733E-01  2.2557639E-01 -2.4203389E-02
  5.0000000E+01 -4.1152448E-02  1.3011054E-01  4.5387214E-01 -3.4590852E-03
  5.0000000E+01 -6.4859872E-02  7.1705486E-01 -7.9258085E-01 -6.0504478E-01
  5.1000000E+01 -3.7191082E-02 -9.7084770E-02  3.4745341E-01 -6.2706123E-01
  5.1000000E+01 -1.6758313E-01  5.6585569E-01 -9.5367432E-02 -2.0582297E-02
  5.1000000E+01  3.4797307E-01 -3.4448571E-01 -1.4149278E+00 -6.5153913E-01
  5.1000000E+01  2.5261670E-01 -4.7854884E-01  2.3708488E-01 -3.4900510E-02
  5.1000000E+01 -2.6882662E-02  1.4789036E-01  4.5622248E-01  1.1610114E-02
  5.1000000E+01 -5.7616149E-02  7.3052315E-01 -7.8752722E-01 -6.3106360E-01
  5.2000000E+01 -1.0636124E-02 -1.0317034E-01  3.4030190E-01 -5.0018594E-01
  5.2000000E+01 -8.1994568E-02  6.1463894E-01 -1.0187019E-01 -8.4220592E-03
  5.2000000E+01  3.4189151E-01 -3.6787758E-01 -1.4690799E+00 -6.2266333E-01
  5.2000000E+01  2.2091999E-01 -4.7932309E-01  2.4861336E-01 -4.0432002E-02
  5.2000000E+01 -1.4995204E-02  1.6371013E-01  4.5983536E-01  1.0662283E-02
  5.2000000E+01 -6.4142452E-02  7.2771238E-01 -7.8199916E-01 -7.1371897E-01
  5.3000000E+01  4.7786123E-03 -1.1572468E-01  3.3481066E-01 -2.7042722E-01
  5.3000000E+01  4.0380816E-03  6.6202744E-01 -1.1262358E-01 -1.0477070E-02
  5.3000000E+01  3.4381130E-01 -4.0069941E-01 -1.4941187E+00 -6.6786795E-01
  5.3000000E+01  1.9045852E-01 -4.8596373E-01  2.6011559E-01 -2.5367932E-02
  5.3000000E+01 -6.5656811E-03  1.7750751E-01  4.6457589E-01  4.8924219E-04
  5.3000000E+01 -9.0962662E-02  7.0783960E-01 -7.7199178E-01 -7.7226219E-01
  5.4000000E+01  2.5846344E-03 -1.4097980E-01  3.3038965E-01 -2.5778915E-02
  5.4000000E+01  8.0643098E-02  7.0356217E-01 -1.3116673E-01 -2.0797785E-03
  5.4000000E+01  3.4844249E-01 -4.3574978E-01 -1.4976565E+00 -7.2747683E-01
  5.4000000E+01  1.5987811E-01 -5.0000413E-01  2.7343593E-01 -9.0919544E-03
  5.4000000E+01 -2.0217954E-03  1.9002163E-01  4.7142973E-01 -1.7682395E-02
  5.4000000E+01 -1.2704497E-01  6.8132456E-01 -7.5458057E-01 -7.8194316E-01
  5.5000000E+01 -1.3489872E-02 -1.7829487E-01  3.2587073E-01  1.1778426E-01
  5.5000000E+01  1.6545924E-01  7.3955812E-01 -1.5919485E-01  2.0337270E-02
  5.5000000E+01  3.5214070E-01 -4.4288839E-01 -1.4821969E+00 -7.6375214E-01
  5.5000000E+01  1.3376145E-01 -5.1920068E-01  2.8906059E-01 -6.8774193E-03
  5.5000000E+01 -1.5406973E-03  2.0178795E-01  4.8034564E-01 -4.1203054E-02
  5.5000000E+01 -1.6547095E-01  6.5791973E-01 -7.2996379E-01 -7.3949892E-01
  5.6000000E+01 -3.0619466E-02 -2.1806983E-01  3.2117157E-01  1.1599069E-01
  5.6000000E+01  2.5030313E-01  7.7248365E-01 -1.9503210E-01 -1.5072213E-02
  5.6000000E+01  3.6372480E-01 -4.3461620E-01 -1.4479498E+00 -7.5496253E-01
  5.6000000E+01  1.1517293E-01 -5.3806592E-01  3.0468064E-01 -9.3350459E-03
  5.6000000E+01 -4.1679253E-03  2.1286639E-01  4.9069789E-01 -5.8457554E-02
  5.6000000E+01 -1.9879265E-01  6.4972814E-01 -7.0049820E-01 -6.7919981E-01
  5.7000000E+01 -4.0007019E-02 -2.4733787E-01  3.1680181E-01  4.7584475E-02
  5.7000000E+01  3.3432800E-01  7.9267655E-01 -2.3868359E-01 -1.6052741E-02
  5.7000000E+01  3.8662923E-01 -4.3448179E-01 -1.4018031E+00 -7.7486930E-01
  5.7000000E+01  9.8410338E-02 -5.5782126E-01  3.1881600E-01  7.1037102E-03
  5.7000000E+01 -7.7901840E-03  2.2356811E-01  5.0154061E-01 -6.0482587E-02
  5.7000000E+01 -2.2868238E-01  6.5756756E-01 -6.6791611E-01 -6.1534475E-01
  5.8000000E+01 -4.5552591E-02 -2.6089030E-01  3.1051483E-01  8.2391430E-03
  5.8000000E+01  4.1782908E-01  7.9594754E-01 -2.8561571E-01 -8.7455760E-02
  5.8000000E+01  4.3014364E-01 -4.3900364E-01 -1.3471689E+00 -7.6225319E-01
  5.8000000E+01  7.9081053E-02 -5.8086021E-01  3.3193001E-01 -4.7476308E-03
  5.8000000E+01 -1.0977610E-02  2.3408980E-01  5.1188139E-01 -5.8940791E-02
  5.8000000E+01 -2.5344310E-01  6.7554668E-01 -6.3336441E-01 -5.7310105E-01
  5.9000000E+01 -5.4459273E-02 -2.6337299E-01  3.0197304E-01  1.0712196E-02
  5.9000000E+01  4.8369943E-01  7.7672735E-01 -3.3201134E-01 -1.8373076E-01
  5.9000000E+01  4.6629911E-01 -4.5095379E-01 -1.2841653E+00 -6.8965527E-01
  5.9000000E+01  7.6107519E-02 -5.9923434E-01  3.4280098E-01 -1.9070244E-02
  5.9000000E+01 -1.3754254E-02  2.4325262E-01  5.2136634E-01 -6.4696309E-02
  5.9000000E+01 -2.7907329E-01  6.9672314E-01 -5.9891619E-01 -5.6855619E-01
  6.0000000E+01 -6.7005102E-02 -2.6090018E-01  2.9105786E-01  1.1829292E-02
  6.0000000E+01  5.3521778E-01  7.3874279E-01 -3.7574538E-01 -2.8786492E-01
  6.0000000E+01  5.0531115E-01 -4.6649917E-01 -1.2194680E+00 -7.2973321E-01
  6.0000000E+01  7.0534230E-02 -6.2037114E-01  3.4979098E-01  1.0788921E-02
  6.0000000E+01 -1.5543182E-02  2.5064326E-01  5.2995236E-01 -6.6412862E-02
  6.0000000E+01 -3.0780967E-01  7.1624564E-01 -5.6668447E-01 -5.8047405E-01
  6.1000000E+01 -8.0321059E-02 -2.5595269E-01  2.7599736E-01 -1.8459970E-02
  6.1000000E+01  5.7161008E-01  6.8971750E-01 -4.1466151E-01 -3.3339558E-01
  6.1000000E+01  5.6279717E-01 -4.8277933E-01 -1.1566994E+00 -7.9421903E-01
  6.1000000E+01  6.3886873E-02 -6.3741708E-01  3.5447252E-01 -2.3574649E-02
  6.1000000E+01 -1.4984810E-02  2.5788030E-01  5.3763555E-01 -5.6482927E-02
  6.1000000E+01 -3.3815899E-01  7.3279390E-01 -5.3561176E-01 -5.8968574E-01
  6.2000000E+01 -9.1629868E-02 -2.4860976E-01  2.5738665E-01 -8.3759618E-02
  6.2000000E+01  6.0073743E-01  6.3899324E-01 -4.4973805E-01 -3.2613223E-01
  6.2000000E+01  6.2583349E-01 -4.9581338E-01 -1.0917949E+00 -7.4895744E-01
  6.2000000E+01  6.1100700E-02 -6.4997476E-01  3.5655778E-01 -2.0153056E-02
  6.2000000E+01 -1.2232389E-02  2.6528632E-01  5.4417313E-01 -4.6411726E-02
  6.2000000E+01 -3.7012515E-01  7.4265823E-01 -5.0302676E-01 -5.9595542E-01
  6.3000000E+01 -9.8379414E-02 -2.3842681E-01  2.3557298E-01 -1.6244676E-01
  6.3000000E+01  6.3523924E-01  5.9642112E-01 -4.8318924E-01 -3.0707140E-01
  6.3000000E+01  6.9002066E-01 -5.1917626E-01 -1.0227539E+00 -7.1302178E-01
  6.3000000E+01  5.2524128E-02 -6.6323960E-01  3.5564511E-01 -1.9761251E-02
  6.3000000E+01 -9.0849332E-03  2.7055170E-01  5.4984466E-01 -4.6448315E-02
  6.3000000E+01 -4.0176896E-01  7.4462739E-01 -4.6805767E-01 -5.8692142E-01
  6.4000000E+01 -9.9414224E-02 -2.2618680E-01  2.0973108E-01 -2.2849770E-01
  6.4000000E+01  6.7916925E-01  5.5932333E-01 -5.1799794E-01 -3.1753290E-01
  6.4000000E+01  7.4220465E-01 -5.4748196E-01 -9.4943291E-01 -5.7383354E-01
  6.4000000E+01  4.7277237E-02 -6.5602539E-01  3.5340529E-01 -1.2559108E-01
  6.4000000E+01 -7.4016343E-03  2.7161267E-01  5.5531010E-01 -5.8217323E-02
  6.4000000E+01 -4.2934166E-01  7.4372176E-01 -4.3132757E-01 -5.6043837E-01
  6.5000000E+01 -9.7822214E-02 -2.1449369E-01  1.7679802E-01 -2.4438402E-01
  6.5000000E+01  7.2279311E-01  5.2147218E-01 -5.5281674E-01 -3.2634765E-01
  6.5000000E+01  7.6748800E-01 -5.8779976E-01 -8.7297745E-01 -5.5264050E-01
  6.5000000E+01  5.1992482E-02 -6.0900107E-01  3.5347887E-01 -2.7836637E-01
  6.5000000E+01 -8.5289618E-03  2.6800490E-01  5.6108858E-01 -8.0082521E-02
  6.5000000E+01 -4.5088864E-01  7.4720968E-01 -3.9358350E-01 -5.1358174E-01
  6.6000000E+01 -9.8034303E-02 -2.0609709E-01  1.3599347E-01 -2.3592025E-01
  6.6000000E+01  7.6271870E-01  4.7710623E-01 -5.8650815E-01 -3.3719550E-01
  6.6000000E+01  7.9754077E-01 -6.3404134E-01 -7.9120808E-01 -5.2861678E-01
  6.6000000E+01  6.9390576E-02 -5.2469474E-01  3.5966066E-01 -4.0086983E-01
  6.6000000E+01 -1.3048106E-02  2.5997884E-01  5.6729041E-01 -1.0697635E-01
  6.6000000E+01 -4.6505837E-01  7.5544888E-01 -3.5500453E-01 -4.6162433E-01
  6.7000000E+01 -1.0486955E-01 -2.0199885E-01  8.8919861E-02 -2.1762227E-01
  6.7000000E+01  7.9601235E-01  4.2555201E-01 -6.2128431E-01 -4.0296224E-01
  6.7000000E+01  8.4089675E-01 -6.7106303E-01 -7.0948706E-01 -5.5972394E-01
  6.7000000E+01  9.3037821E-02 -4.2658914E-01  3.7236249E-01 -4.2194249E-01
  6.7000000E+01 -2.1058177E-02  2.4789261E-01  5.7391561E-01 -1.3450873E-01
  6.7000000E+01 -4.7565393E-01  7.6293349E-01 -3.1507004E-01 -4.3534558E-01
  6.8000000E+01 -1.1940810E-01 -2.0204948E-01  3.6801202E-02 -1.9922193E-01
  6.8000000E+01  8.2378357E-01  3.7047385E-01 -6.5815095E-01 -4.8528410E-01
  6.8000000E+01  8.7601000E-01 -7.0632987E-01 -6.2508079E-01 -3.8848205E-01
  6.8000000E+01  1.1455265E-01 -3.4158550E-01  3.8883187E-01 -3.4949059E-01
  6.8000000E+01 -3.2329635E-02  2.3266293E-01  5.8044396E-01 -1.5377341E-01
  6.8000000E+01 -4.9085362E-01  7.6537320E-01 -2.7351715E-01 -4.1933632E-01
  6.9000000E+01 -1.3606677E-01 -2.0235233E-01 -1.8504566E-02 -2.1167731E-01
  6.9000000E+01  8.5013213E-01  3.1054129E-01 -6.9581794E-01 -5.3473261E-01
  6.9000000E+01  8.8324943E-01 -7.2988347E-01 -5.3895143E-01 -2.3897340E-01
  6.9000000E+01  1.2842642E-01 -2.8269975E-01  4.0625497E-01 -2.3757033E-01
  6.9000000E+01 -4.5569929E-02  2.1645214E-01  5.8647989E-01 -1.5536328E-01
  6.9000000E+01 -5.0962935E-01  7.6180895E-01 -2.3042702E-01 -3.9350188E-01
  7.0000000E+01 -1.5177937E-01 -1.9652560E-01 -7.6286572E-02 -2.5515973E-01
  7.0000000E+01  8.7862100E-01  2.4604224E-01 -7.3420020E-01 -5.5303360E-01
  7.0000000E+01  8.4892549E-01 -7.5238330E-01 -4.5175668E-01 -1.0364255E-01
  7.0000000E+01  1.3469660E-01 -2.4749314E-01  4.2356734E-01 -1.3840369E-01
  7.0000000E+01 -5.8925435E-02  2.0117881E-01  5.9210136E-01 -1.4417345E-01
  7.0000000E+01 -5.3027559E-01  7.5346976E-01 -1.8656536E-01 -3.6824831E-01
  7.1000000E+01 -1.6913397E-01 -1.8221963E-01 -1.3588473E-01 -3.1366927E-01
  7.1000000E+01  9.1479853E-01  1.8003055E-01 -7.7187897E-01 -5.3460098E-01
  7.1000000E+01  8.0508167E-01 -7.6338012E-01 -3.6740612E-01 -1.0653124E-01
  7.1000000E+01  1.3622638E-01 -2.2919860E-01  4.4027495E-01 -6.3361358E-02
  7.1000000E+01 -7.1218300E-02  1.8683852E-01  5.9710844E-01 -1.3239350E-01
  7.1000000E+01 -5.5276225E-01  7.4042428E-01 -1.4265831E-01 -3.4455711E-01
  7.2000000E+01 -1.9155038E-01 -1.6011480E-01 -1.9703333E-01 -3.5766897E-01
  7.2000000E+01  9.5232751E-01  1.0415593E-01 -8.0520330E-01 -4.6182527E-01
  7.2000000E+01  7.5226062E-01 -7.5901487E-01 -2.9111581E-01 -5.5705159E-02
  7.2000000E+01  1.3544978E-01 -2.2223845E-01  4.5595085E-01 -1.9419124E-02
  7.2000000E+01 -8.2165328E-02  1.7234611E-01  6.0106706E-01 -1.2620267E-01
  7.2000000E+01 -5.7480335E-01  7.2391537E-01 -9.9006840E-02 -3.0826585E-01
  7.3000000E+01 -2.2043904E-01 -1.3173869E-01 -2.6022024E-01 -3.7324406E-01
  7.3000000E+01  9.8310925E-01  1.1683360E-02 -8.3366467E-01 -3.3113080E-01
  7.3000000E+01  6.9774101E-01 -7.5126877E-01 -2.2311853E-01 -8.8087103E-02
  7.3000000E+01  1.3584567E-01 -2.2025219E-01  4.6998003E-01 -1.4464680E-02
  7.3000000E+01 -9.1947629E-02  1.5680199E-01  6.0353221E-01 -1.2398718E-01
  7.3000000E+01 -5.9362566E-01  7.0714728E-01 -5.5820432E-02 -2.6187286E-01
  7.4000000E+01 -2.4930597E-01 -9.8155837E-02 -3.2874966E-01 -3.7493954E-01
  7.4000000E+01  9.9807420E-01 -9.3064764E-02 -8.5858068E-01 -2.2022339E-01
  7.4000000E+01  6.5458056E-01 -7.5235955E-01 -1.6179761E-01 -8.6388317E-02
  7.4000000E+01  1.3915465E-01 -2.1826870E-01  4.8172250E-01 -3.0639743E-02
  7.4000000E+01 -1.0065455E-01  1.4015865E-01  6.0439686E-01 -1.1967208E-01
  7.4000000E+01 -6.0698375E-01  6.8966682E-01 -1.3608563E-02 -2.0723113E-01
  7.5000000E+01 -2.7184946E-01 -5.6530169E-02 -4.0643294E-01 -3.6919327E-01
  7.5000000E+01  9.9420480E-01 -2.0174922E-01 -8.8002229E-01 -1.1085078E-01
  7.5000000E+01  6.1591759E-01 -7.4148491E-01 -1.0530049E-01 -6.7164744E-02
  7.5000000E+01  1.4545276E-01 -2.1274817E-01  4.9107322E-01 -6.1860354E-02
  7.5000000E+01 -1.0798381E-01  1.2335752E-01  6.0377393E-01 -1.0874645E-01
  7.5000000E+01 -6.1162281E-01  6.7041676E-01  2.7054893E-02 -1.5161555E-01
  7.6000000E+01 -2.8823792E-01 -3.3362527E-03 -4.9552358E-01 -3.4086272E-01
  7.6000000E+01  9.5550413E-01 -3.1707351E-01 -8.9691190E-01 -7.0944962E-02
  7.6000000E+01  5.7747047E-01 -7.2593024E-01 -5.4827805E-02 -3.0095753E-02
  7.6000000E+01  1.5728394E-01 -2.0099278E-01  4.9771643E-01 -1.1194976E-01
  7.6000000E+01 -1.1355632E-01  1.0765295E-01  6.0157953E-01 -9.1601095E-02
  7.6000000E+01 -6.0624382E-01  6.5217108E-01  6.5390126E-02 -1.0704956E-01
  7.7000000E+01 -2.9508408E-01  6.3463351E-02 -5.9756083E-01 -2.9022643E-01
  7.7000000E+01  9.0265333E-01 -4.2940877E-01 -9.1209102E-01 -1.7916228E-01
  7.7000000E+01  5.3967991E-01 -7.1763863E-01 -1.2312055E-02 -5.8268674E-02
  7.7000000E+01  1.7458348E-01 -1.8322435E-01  5.0085372E-01 -1.5585550E-01
  7.7000000E+01 -1.1731391E-01  9.3967399E-02  5.9741065E-01 -7.1521479E-02
  7.7000000E+01 -5.9298381E-01  6.3545033E-01  1.0038389E-01 -7.6024298E-02
  7.8000000E+01 -2.8281756E-01  1.4050505E-01 -7.1267990E-01 -1.9263994E-01
  7.8000000E+01  8.8320282E-01 -5.4465919E-01 -9.2635932E-01 -3.3477613E-01
  7.8000000E+01  5.0549228E-01 -7.0053640E-01  2.1977346E-02 -2.2794216E-02
  7.8000000E+01  1.8974274E-01 -1.6445224E-01  5.0049321E-01 -1.5476663E-01
  7.8000000E+01 -1.1949530E-01  8.2745645E-02  5.9126196E-01 -5.1707384E-02
  7.8000000E+01 -5.7187557E-01  6.1859787E-01  1.3131129E-01 -4.5666138E-02
  7.9000000E+01 -2.3565739E-01  2.2049284E-01 -8.4038743E-01 -9.1479738E-02
  7.9000000E+01  8.6849611E-01 -6.5562849E-01 -9.3790931E-01 -2.2922330E-01
  7.9000000E+01  4.5608957E-01 -6.7319097E-01  4.8972657E-02 -8.7617814E-03
  7.9000000E+01  1.9407413E-01 -1.5118217E-01  4.9744877E-01 -1.1287461E-01
  7.9000000E+01 -1.2041152E-01  7.3991931E-02  5.8372059E-01 -3.4142960E-02
  7.9000000E+01 -5.4212352E-01  6.0126781E-01  1.5873604E-01 -3.2405608E-02
  8.0000000E+01 -1.5552990E-01  2.9812302E-01 -9.7708061E-01 -1.0554368E-01
  8.0000000E+01  8.2381516E-01 -7.6045342E-01 -9.4341469E-01 -2.5227064E-01
  8.0000000E+01  4.1156738E-01 -6.5811235E-01  6.9110980E-02 -5.3121471E-02
  8.0000000E+01  1.8718080E-01 -1.4547977E-01  4.9214750E-01 -7.1321996E-02
  8.0000000E+01 -1.2044716E-01  6.7362294E-02  5.7501803E-01 -1.9710929E-02
  8.0000000E+01 -5.1379673E-01  5.8501885E-01  1.8309857E-01 -4.7031369E-02
  8.1000000E+01 -7.0923810E-02  3.7442528E-01 -1.1159430E+00 -2.5016640E-01
  8.1000000E+01  7.9698455E-01 -8.8272328E-01 -9.4625560E-01 -1.9145857E-01
  8.1000000E+01  3.6626217E-01 -6.4604178E-01  8.4021996E-02  1.9909102E-02
  8.1000000E+01  1.7396221E-01 -1.4513701E-01  4.8544038E-01 -4.9078370E-02
  8.1000000E+01 -1.1996804E-01  6.2299446E-02  5.6562800E-01 -8.3677086E-03
  8.1000000E+01 -4.9196429E-01  5.7168418E-01  2.0518833E-01 -4.4529927E-02
  8.2000000E+01  1.8888726E-02  4.4470028E-01 -1.2476827E+00 -2.6081513E-01
  8.2000000E+01  6.8353986E-01 -9.7096259E-01 -9.4985566E-01 -1.0042537E-01
  8.2000000E+01  3.1333199E-01 -6.3832368E-01  9.5670603E-02 -2.8514344E-02
  8.2000000E+01  1.5892518E-01 -1.4758209E-01  4.7837094E-01 -4.6036814E-02
  8.2000000E+01 -1.1923032E-01  5.8201019E-02  5.5634734E-01  2.8904808E-04
  8.2000000E+01 -4.7312345E-01  5.5741570E-01  2.2571144E-01 -2.2224695E-02
  8.3000000E+01  1.5073053E-01  4.7888213E-01 -1.3660955E+00 -2.5574671E-01
  8.3000000E+01  5.9661837E-01 -1.0607991E+00 -9.5905397E-01 -1.2773854E-01
  8.3000000E+01  2.7631074E-01 -6.3956968E-01  1.0516651E-01  1.3005928E-02
  8.3000000E+01  1.4541604E-01 -1.5112045E-01  4.7203774E-01 -5.1356642E-02
  8.3000000E+01 -1.1842200E-01  5.4483761E-02  5.4807191E-01  6.3246940E-03
  8.3000000E+01 -4.5532407E-01  5.3947100E-01  2.4457619E-01 -2.0057798E-02
  8.4000000E+01  2.6831816E-01  5.2480062E-01 -1.4707439E+00 -3.4341741E-01
  8.4000000E+01  4.9520524E-01 -1.1345744E+00 -9.7269524E-01 -1.5779316E-01
  8.4000000E+01  2.3632684E-01 -6.4120088E-01  1.1566702E-01 -2.7309230E-02
  8.4000000E+01  1.3398764E-01 -1.5589908E-01  4.6770749E-01 -4.7237761E-02
  8.4000000E+01 -1.1767186E-01  5.0595494E-02  5.4173026E-01  9.5903570E-03
  8.4000000E+01 -4.3955215E-01  5.2076753E-01  2.6174835E-01 -1.3985578E-02
  8.5000000E+01  4.1494662E-01  5.4018172E-01 -1.5493035E+00 -2.1493123E-01
  8.5000000E+01  4.0774780E-01 -1.2133458E+00 -9.9520356E-01 -1.5794023E-01
  8.5000000E+01  2.0479135E-01 -6.5016436E-01  1.2645530E-01  3.5992472E-02
  8.5000000E+01  1.2284688E-01 -1.6314183E-01  4.6620582E-01 -2.7367403E-02
  8.5000000E+01 -1.1698592E-01  4.6108215E-02  5.3771603E-01  1.0514975E-02
  8.5000000E+01 -4.1629321E-01  5.0245366E-01  2.7813096E-01  9.5994307E-03
  8.6000000E+01  5.6515834E-01  5.2618915E-01 -1.6061553E+00 -2.8962052E-01
  8.6000000E+01  3.2321588E-01 -1.2926828E+00 -1.0251232E+00 -1.5699277E-01
  8.6000000E+01  1.6826379E-01 -6.6333546E-01  1.4053470E-01 -2.0433913E-02
  8.6000000E+01  1.1055389E-01 -1.7359870E-01  4.6836884E-01 -2.9412350E-03
  8.6000000E+01 -1.1625871E-01  4.0806811E-02  5.3677210E-01  1.0193097E-02
  8.6000000E+01 -3.9137868E-01  4.8420531E-01  2.9547546E-01  8.2555700E-03
  8.7000000E+01  7.0388214E-01  4.8401920E-01 -1.6379977E+00 -3.2696356E-01
  8.7000000E+01  2.3045895E-01 -1.3576789E+00 -1.0639478E+00 -1.8116823E-01
  8.7000000E+01  1.4302913E-01 -6.7727247E-01  1.5643166E-01  2.9160978E-02
  8.7000000E+01  9.7704382E-02 -1.8659288E-01  4.7441360E-01  1.1683660E-02
  8.7000000E+01 -1.1530211E-01  3.4687347E-02  5.3909709E-01  9.7648082E-03
  8.7000000E+01 -3.6895892E-01  4.6604721E-01  3.1378048E-01  9.4290246E-03
  8.8000000E+01  8.3567721E-01  4.2789325E-01 -1.6528658E+00 -4.1292847E-01
  8.8000000E+01  1.5663033E-01 -1.3978012E+00 -1.1092532E+00 -2.9628552E-01
  8.8000000E+01  1.2191030E-01 -6.9435677E-01  1.7489454E-01 -4.3187801E-03
  8.8000000E+01  8.6173559E-02 -2.0066739E-01  4.8387013E-01  1.2489513E-02
  8.8000000E+01 -1.1382477E-01  2.7909103E-02  5.4426937E-01  9.7618386E-03
  8.8000000E+01 -3.4660999E-01  4.4885561E-01  3.3253977E-01  4.6383151E-03
  8.9000000E+01  9.3752971E-01  3.5671571E-01 -1.6503684E+00 -3.6112076E-01
  8.9000000E+01  1.1007317E-01 -1.3647376E+00 -1.1484302E+00 -4.6452858E-01
  8.9000000E+01  9.4867618E-02 -7.1639710E-01  1.9517911E-01  1.1846093E-02
  8.9000000E+01  7.7195705E-02 -2.1447896E-01  4.9568512E-01  6.3255762E-03
  8.9000000E+01 -1.1157994E-01  2.0736542E-02  5.5125631E-01  1.0084428E-02
  8.9000000E+01 -3.2575311E-01  4.3211520E-01  3.5096076E-01  1.7734440E-03
  9.0000000E+01  1.0277050E+00  2.8319523E-01 -1.6316153E+00 -3.5175979E-01
  9.0000000E+01  1.2421311E-01 -1.2334207E+00 -1.1566443E+00 -6.3425770E-01
  9.0000000E+01  8.5152285E-02 -7.3757598E-01  2.1628821E-01  1.5155363E-02
  9.0000000E+01  7.0862727E-02 -2.2767379E-01  5.0917409E-01  2.0677779E-03
  9.0000000E+01 -1.0835840E-01  1.3399848E-02  5.5948598E-01  1.0460126E-02
  9.0000000E+01 -3.0291022E-01  4.1538472E-01  3.6863254E-01  2.8273944E-03
  9.1000000E+01  1.0910205E+00  1.7345090E-01 -1.6015827E+00 -3.6212837E-01
  9.1000000E+01  2.1902087E-01 -1.0063662E+00 -1.1091268E+00 -8.2040156E-01
  9.1000000E+01  7.5209875E-02 -7.6152187E-01  2.3635704E-01 -7.1788748E-03
  9.1000000E+01  6.6749807E-02 -2.4064628E-01  5.2269651E-01  1.8273075E-03
  9.1000000E+01 -1.0404789E-01  6.1299812E-03  5.6775509E-01  1.0719571E-02
  9.1000000E+01 -2.8087778E-01  3.9873820E-01  3.8510107E-01 -4.2655234E-03
  9.2000000E+01  1.1501344E+00  7.1408839E-02 -1.5647100E+00 -2.9907483E-01
  9.2000000E+01  4.1620840E-01 -7.0466003E-01 -9.8780600E-01 -7.1433919E-01
  9.2000000E+01  7.0546749E-02 -7.8649385E-01  2.5461934E-01  8.0986891E-04
  9.2000000E+01  6.4854202E-02 -2.5339134E-01  5.3520660E-01  2.7395224E-03
  9.2000000E+01 -9.8613563E-02 -8.2639108E-04  5.7519296E-01  1.0745799E-02
  9.2000000E+01 -2.5888527E-01  3.8253347E-01  3.9990680E-01 -6.0234454E-04
  9.3000000E+01  1.1852586E+00 -3.4558198E-02 -1.5274306E+00 -2.5907392E-01
  9.3000000E+01  5.4007079E-01 -6.0819409E-01 -8.3518236E-01 -2.5074906E-01
  9.3000000E+01  7.6987921E-02 -8.0648489E-01  2.6834013E-01  1.5689907E-03
  9.3000000E+01  6.4943730E-02 -2.6539636E-01  5.4561375E-01  7.2468064E-03
  9.3000000E+01 -9.2139130E-02 -7.2613840E-03  5.8128420E-01  1.0399609E-02
  9.3000000E+01 -2.3511984E-01  3.6826624E-01  4.1268426E-01 -2.5816736E-03
  9.4000000E+01  1.1961735E+00 -1.5315622E-01 -1.4825574E+00 -1.6499669E-01
  9.4000000E+01  5.9290727E-01 -6.1530780E-01 -7.0312952E-01 -2.7791775E-01
  9.4000000E+01  8.3408395E-02 -8.2457890E-01  2.7621777E-01  3.3649457E-03
  9.4000000E+01  6.5951074E-02 -2.7634621E-01  5.5277623E-01  1.4644457E-02
  9.4000000E+01 -8.4770348E-02 -1.2969080E-02  5.8514036E-01  9.4363892E-03
  9.4000000E+01 -2.1335756E-01  3.5574748E-01  4.2311609E-01 -8.2405681E-03
  9.5000000E+01  1.2049425E+00 -2.5546207E-01 -1.4414049E+00 -1.1693986E-01
  9.5000000E+01  6.4304084E-01 -5.8689521E-01 -5.9695145E-01 -1.6093999E-01
  9.5000000E+01  9.2250014E-02 -8.3996975E-01  2.7791593E-01  1.7201587E-03
  9.5000000E+01  6.7583820E-02 -2.8538614E-01  5.5639361E-01  1.6419932E-02
  9.5000000E+01 -7.6694926E-02 -1.7797653E-02  5.8654408E-01  7.6506130E-03
  9.5000000E+01 -1.9235664E-01  3.4464105E-01  4.3073147E-01 -4.3875068E-03
  9.6000000E+01  1.1798143E+00 -3.7125553E-01 -1.3938884E+00 -1.0498525E-01
  9.6000000E+01  6.3095634E-01 -6.0202834E-01 -5.1031181E-01 -1.1135523E-01
  9.6000000E+01  1.0314723E-01 -8.5024202E-01  2.7294919E-01 -2.1838535E-03
  9.6000000E+01  7.0024081E-02 -2.9190062E-01  5.5626623E-01  1.5038375E-02
  9.6000000E+01 -6.8131693E-02 -2.1625193E-02  5.8550885E-01  4.9743703E-03
  9.6000000E+01 -1.7103100E-01  3.3474042E-01  4.3608349E-01 -2.8916915E-03
  9.7000000E+01  1.1336601E+00 -4.8037999E-01 -1.3486848E+00 -5.1591375E-02
  9.7000000E+01  6.0872039E-01 -6.0728494E-01 -4.4449415E-01 -3.7244373E-02
  9.7000000E+01  1.1388614E-01 -8.5452468E-01  2.6166117E-01  1.4778060E-03
  9.7000000E+01  7.2648774E-02 -2.9652724E-01  5.5262775E-01  1.3966281E-02
  9.7000000E+01 -5.9312411E-02 -2.4371957E-02  5.8228969E-01  1.5549573E-03
  9.7000000E+01 -1.5106282E-01  3.2637809E-01  4.3931503E-01 -6.6890729E-03
  9.8000000E+01  1.0743461E+00 -5.6612172E-01 -1.3050862E+00  4.6791647E-03
  9.8000000E+01  5.3086263E-01 -6.4507793E-01 -3.8866780E-01 -6.0851099E-03
  9.8000000E+01  1.2086975E-01 -8.5448886E-01  2.4684032E-01 -1.0437295E-02
  9.8000000E+01  7.5173028E-02 -2.9934343E-01  5.4633816E-01  1.0237071E-02
  9.8000000E+01 -5.0439457E-02 -2.6016455E-02  5.7721594E-01 -2.1941721E-03
  9.8000000E+01 -1.3250588E-01  3.1989216E-01  4.4063479E-01 -6.1458717E-03
  9.9000000E+01  1.0125687E+00 -6.4699211E-01 -1.2601894E+00 -2.2803821E-02
  9.9000000E+01  4.9081868E-01 -6.3586396E-01 -3.4670361E-01 -1.0959809E-01
  9.9000000E+01  1.3352728E-01 -8.2645287E-01  2.3040462E-01 -1.3237377E-01
  9.9000000E+01  7.7491294E-02 -3.0026249E-01  5.3795188E-01  5.8812991E-03
  9.9000000E+01 -4.1654317E-02 -2.6630232E-02  5.7058769E-01 -5.6697468E-03
  9.9000000E+01 -1.1384330E-01  3.1519599E-01  4.4024550E-01 -5.1114738E-04
  1.0000000E+02  9.4160817E-01 -7.2586117E-01 -1.2125944E+00  5.9376121E-02
  1.0000000E+02  4.3918261E-01 -6.4921622E-01 -3.0884037E-01  1.1177779E-02
  1.0000000E+02  1.6208738E-01 -7.3719542E-01  2.1635370E-01 -3.0561151E-01
  1.0000000E+02  7.9520951E-02 -2.9971298E-01  5.2783501E-01  7.0490441E-04
  1.0000000E+02 -3.3155281E-02 -2.6313016E-02  5.6266825E-01 -8.2361961E-03
  1.0000000E+02 -9.5161676E-02  3.1202410E-01  4.3841208E-01  1.9450567E-03
  1.0100000E+02  8.3884390E-01 -7.6321202E-01 -1.1706301E+00  3.6667287E-02
  1.0100000E+02  3.6990154E-01 -6.8074116E-01 -2.7391419E-01 -2.1760316E-02
  1.0100000E+02  1.9379377E-01 -6.1484837E-01  2.1073963E-01 -3.3284429E-01
  1.0100000E+02  8.1648441E-02 -2.9796651E-01  5.1781912E-01 -4.5560425E-03
  1.0100000E+02 -2.5075365E-02 -2.5173625E-02  5.5439466E-01 -9.4236432E-03
  1.0100000E+02 -7.7820571E-02  3.1043757E-01  4.3589412E-01 -1.5062820E-04
  1.0200000E+02  7.7107281E-01 -8.0853140E-01 -1.1219074E+00 -1.0976184E-01
  1.0200000E+02  3.2624374E-01 -6.6979173E-01 -2.4713061E-01 -7.6942033E-02
  1.0200000E+02  2.0866414E-01 -5.1841360E-01  2.0856319E-01 -2.3079485E-01
  1.0200000E+02  8.3483519E-02 -2.9577290E-01  5.0688665E-01 -3.7720375E-03
  1.0200000E+02 -1.7550005E-02 -2.3331355E-02  5.4573968E-01 -9.0806795E-03
  1.0200000E+02 -6.2130138E-02  3.1042027E-01  4.3322960E-01 -2.4167761E-04
  1.0300000E+02  6.7343349E-01 -8.5075671E-01 -1.0817173E+00  2.3340863E-02
  1.0300000E+02  3.0859188E-01 -6.5896240E-01 -2.2260782E-01 -9.1704599E-02
  1.0300000E+02  2.0493926E-01 -4.6592127E-01  2.0862589E-01 -1.2038392E-01
  1.0300000E+02  8.4253285E-02 -2.9396642E-01  4.9568192E-01  5.2288254E-04
  1.0300000E+02 -1.0822189E-02 -2.0917640E-02  5.3701961E-01 -7.4200733E-03
  1.0300000E+02 -4.7258053E-02  3.1173753E-01  4.3092576E-01  3.0857664E-03
  1.0400000E+02  5.8207216E-01 -8.6286305E-01 -1.0491886E+00 -8.7949850E-02
  1.0400000E+02  3.0537929E-01 -6.6367604E-01 -2.0049726E-01 -8.5294243E-02
  1.0400000E+02  1.8912589E-01 -4.4449075E-01  2.1160027E-01 -5.9541180E-02
  1.0400000E+02  8.4297356E-02 -2.9244443E-01  4.8655024E-01  3.8867213E-03
  1.0400000E+02 -4.8500286E-03 -1.8019158E-02  5.2924510E-01 -4.9522417E-03
  1.0400000E+02 -3.3068775E-02  3.1413459E-01  4.2804650E-01  4.0188934E-03
  1.0500000E+02  5.1529907E-01 -8.8854650E-01 -1.0227002E+00 -6.6540414E-02
  1.0500000E+02  3.1020861E-01 -6.6297441E-01 -1.8781633E-01 -8.9294761E-02
  1.0500000E+02  1.7202534E-01 -4.4068414E-01  2.1238555E-01 -4.1926521E-02
  1.0500000E+02  8.3750054E-02 -2.9104826E-01  4.7700601E-01  7.4874784E-03
  1.0500000E+02  3.5281314E-04 -1.4698619E-02  5.2169691E-01 -2.3442650E-03
  1.0500000E+02 -2.0609882E-02  3.1728369E-01  4.2574792E-01  1.9550468E-03
  1.0600000E+02  4.3852695E-01 -9.3392476E-01 -1.0038956E+00 -1.2305983E-01
  1.0600000E+02  3.0706897E-01 -6.4848150E-01 -1.8092837E-01 -1.1532019E-01
  1.0600000E+02  1.6234331E-01 -4.4337207E-01  2.1246281E-01 -5.7571657E-02
  1.0600000E+02  8.2588515E-02 -2.8971556E-01  4.6844208E-01  1.0748259E-02
  1.0600000E+02  4.7375800E-03 -1.1004852E-02  5.1494483E-01 -2.5207153E-04
  1.0600000E+02 -9.8560917E-03  3.2083968E-01  4.2320923E-01  1.9339630E-03
  1.0700000E+02  3.0751157E-01 -9.6211153E-01 -9.8532366E-01  2.7756070E-03
  1.0700000E+02  2.9301872E-01 -6.4148370E-01 -1.7944410E-01 -3.4635577E-02
  1.0700000E+02  1.6297520E-01 -4.4400303E-01  2.1186794E-01 -7.9577035E-02
  1.0700000E+02  8.0964239E-02 -2.8817924E-01  4.6120800E-01  1.2110590E-02
  1.0700000E+02  8.4200179E-03 -6.9791318E-03  5.0928255E-01  8.8205390E-04
  1.0700000E+02  2.0770230E-04  3.2473922E-01  4.2063058E-01  3.6199219E-03
  1.0800000E+02  2.2229018E-01 -9.9898077E-01 -9.7654086E-01 -1.2453487E-01
  1.0800000E+02  2.3956651E-01 -6.5119248E-01 -1.8157965E-01 -6.8127776E-03
  1.0800000E+02  1.6732352E-01 -4.4235788E-01  2.0999074E-01 -8.9356264E-02
  1.0800000E+02  7.8919964E-02 -2.8610222E-01  4.5485763E-01  1.1461195E-02
  1.0800000E+02  1.1476705E-02 -2.6594225E-03  5.0476347E-01  8.8662812E-04
  1.0800000E+02  9.6269676E-03  3.2892772E-01  4.1857266E-01  3.3687098E-03
  1.0900000E+02  1.3229932E-01 -1.0095288E+00 -9.7239671E-01 -7.0372521E-02
  1.0900000E+02  1.8514143E-01 -6.6889516E-01 -1.8370432E-01  2.9654014E-02
  1.0900000E+02  1.7500821E-01 -4.3753096E-01  2.0805110E-01 -1.0768271E-01
  1.0900000E+02  7.6465415E-02 -2.8337281E-01  4.5005571E-01  9.7094632E-03
  1.0900000E+02  1.3947987E-02  1.9043808E-03  5.0193177E-01 -1.7988888E-04
  1.0900000E+02  1.8253111E-02  3.3333144E-01  4.1736799E-01  2.5372474E-03
  1.1000000E+02  3.7041431E-02 -1.0205482E+00 -9.7180954E-01 -6.8454625E-02
  1.1000000E+02  1.2567646E-01 -6.8989213E-01 -1.8547806E-01  1.0982752E-02
  1.1000000E+02  1.8588132E-01 -4.3033979E-01  2.0780179E-01 -1.0817222E-01
  1.1000000E+02  7.3585046E-02 -2.8011232E-01  4.4757505E-01  8.1274210E-03
  1.1000000E+02  1.5913641E-02  6.6598199E-03  5.0125709E-01 -2.0932593E-03
  1.1000000E+02  2.6495601E-02  3.3813783E-01  4.1755886E-01  2.3296187E-03
  1.1100000E+02 -5.8835699E-02 -1.0266098E+00 -9.7263008E-01 -5.7707300E-02
  1.1100000E+02  7.5734905E-02 -7.0486448E-01 -1.8839133E-01  4.6801630E-03
  1.1100000E+02  1.8461888E-01 -4.2834651E-01  2.0925351E-01 -5.6693442E-02
  1.1100000E+02  7.0067777E-02 -2.7652509E-01  4.4724891E-01  6.7980796E-03
  1.1100000E+02  1.7420778E-02  1.1531260E-02  5.0281130E-01 -4.5094507E-03
  1.1100000E+02  3.4510191E-02  3.4365967E-01  4.1976997E-01  1.8029817E-03
  1.1200000E+02 -1.6111780E-01 -1.0250385E+00 -9.7709570E-01 -5.8393884E-02
  1.1200000E+02  1.8746934E-02 -7.2092573E-01 -1.9261488E-01  1.0144379E-02
  1.1200000E+02  1.6012068E-01 -4.3689885E-01  2.1269022E-01 -9.8557527E-03
  1.1200000E+02  6.5727260E-02 -2.7264904E-01  4.4921160E-01  5.1651130E-03
  1.1200000E+02  1.8464931E-02  1.6446417E-02  5.0677496E-01 -7.0516441E-03
  1.1200000E+02  4.2047909E-02  3.4979360E-01  4.2457786E-01  2.0461742E-04
  1.1300000E+02 -2.6034265E-01 -1.0214388E+00 -9.8941281E-01 -3.5231049E-02
  1.1300000E+02 -3.3151753E-02 -7.3395457E-01 -1.9917363E-01 -9.0796106E-03
  1.1300000E+02  1.2676818E-01 -4.5061609E-01  2.1641304E-01 -5.5858180E-03
  1.1300000E+02  6.0267526E-02 -2.6860507E-01  4.5362629E-01  3.6571156E-03
  1.1300000E+02  1.8982712E-02  2.1333219E-02  5.1365310E-01 -9.3969010E-03
  1.1300000E+02  4.8699815E-02  3.5664696E-01  4.3137200E-01 -9.6386954E-04
  1.1400000E+02 -3.6863956E-01 -1.0116939E+00 -1.0009409E+00 -2.0516234E-02
  1.1400000E+02 -8.8232067E-02 -7.4825327E-01 -2.0829955E-01 -6.3135057E-04
  1.1400000E+02  9.1077256E-02 -4.6621802E-01  2.2172317E-01  2.1922744E-03
  1.1400000E+02  5.3424735E-02 -2.6477605E-01  4.5974144E-01  2.3564098E-03
  1.1400000E+02  1.8932627E-02  2.6089812E-02  5.2250640E-01 -1.1317050E-02
  1.1400000E+02  5.4448975E-02  3.6423667E-01  4.4110094E-01 -1.5300461E-03
  1.1500000E+02 -4.6866958E-01 -9.8765376E-01 -1.0127379E+00 -3.7866222E-02
  1.1500000E+02 -1.4729926E-01 -7.6507246E-01 -2.1941259E-01  2.9712760E-03
  1.1500000E+02  5.4829075E-02 -4.8359742E-01  2.2799353E-01 -3.9155771E-04
  1.1500000E+02  4.5130011E-02 -2.6163133E-01  4.6776884E-01  1.1288156E-03
  1.1500000E+02  1.8294419E-02  3.0575407E-02  5.3321870E-01 -1.2670863E-02
  1.1500000E+02  5.9211589E-02  3.7276321E-01  4.5268511E-01 -1.8200960E-03
  1.1600000E+02 -5.5859880E-01 -9.5818125E-01 -1.0267710E+00 -2.3042772E-02
  1.1600000E+02 -2.0826379E-01 -7.8237082E-01 -2.3259960E-01 -7.7395022E-03
  1.1600000E+02  2.2093935E-02 -5.0049031E-01  2.3509161E-01 -9.1175870E-03
  1.1600000E+02  3.5501819E-02 -2.5963078E-01  4.7752768E-01  3.7192371E-04
  1.1600000E+02  1.7099510E-02  3.4657549E-02  5.4536568E-01 -1.3388885E-02
  1.1600000E+02  6.3134306E-02  3.8194871E-01  4.6561673E-01 -2.2215437E-04
  1.1700000E+02 -6.5516243E-01 -9.2224527E-01 -1.0398748E+00 -1.6298867E-02
  1.1700000E+02 -2.6942235E-01 -7.9828755E-01 -2.4859736E-01 -2.5424939E-03
  1.1700000E+02 -9.0333148E-03 -5.1777878E-01  2.4271847E-01 -1.0328616E-02
  1.1700000E+02  2.4779587E-02 -2.5922434E-01  4.8851729E-01  4.2292902E-04
  1.1700000E+02  1.5395315E-02  3.8237463E-02  5.5826356E-01 -1.3466231E-02
  1.1700000E+02  6.6114970E-02  3.9143575E-01  4.7917294E-01  4.0109507E-04
  1.1800000E+02 -7.3971663E-01 -8.8342791E-01 -1.0537138E+00 -3.9162666E-02
  1.1800000E+02 -3.3330561E-01 -8.1590813E-01 -2.6793036E-01 -7.3381053E-03
  1.1800000E+02 -4.0584711E-02 -5.3735687E-01  2.5031543E-01 -6.3250026E-03
  1.1800000E+02  1.3386945E-02 -2.6072830E-01  5.0047621E-01  1.0021399E-03
  1.1800000E+02  1.3269416E-02  4.1240276E-02  5.7158183E-01 -1.2935368E-02
  1.1800000E+02  6.7811386E-02  4.0101626E-01  4.9263012E-01  6.1430367E-04
  1.1900000E+02 -8.0653189E-01 -8.3187511E-01 -1.0658010E+00 -9.8200393E-02
  1.1900000E+02 -4.0051997E-01 -8.3531150E-01 -2.9034586E-01 -3.8166655E-03
  1.1900000E+02 -7.2261456E-02 -5.5966614E-01  2.5843855E-01 -2.5382976E-03
  1.1900000E+02  1.9374558E-03 -2.6423106E-01  5.1291551E-01  1.4862477E-03
  1.1900000E+02  1.0823192E-02  4.3604547E-02  5.8471842E-01 -1.1877542E-02
  1.1900000E+02  6.8383668E-02  4.1030411E-01  5.0589355E-01  1.2959515E-03
  1.2000000E+02 -8.5333163E-01 -7.6780993E-01 -1.0797972E+00 -1.8408343E-01
  1.2000000E+02 -4.6955424E-01 -8.5693168E-01 -3.1620696E-01 -1.4212659E-03
  1.2000000E+02 -1.0250713E-01 -5.8437637E-01  2.6631944E-01 -2.2538436E-03
  1.2000000E+02 -8.9296809E-03 -2.6952302E-01  5.2560372E-01  1.9023736E-03
  1.2000000E+02  8.1916129E-03  4.5306608E-02  5.9740178E-01 -1.0447547E-02
  1.2000000E+02  6.7758127E-02  4.1897385E-01  5.1784167E-01 -2.3983079E-04
  1.2100000E+02 -8.5851347E-01 -6.8965289E-01 -1.0926036E+00 -3.0128638E-01
  1.2100000E+02 -5.4322564E-01 -8.8092915E-01 -3.4608763E-01 -4.9781298E-03
  1.2100000E+02 -1.3067124E-01 -6.1056252E-01  2.7422885E-01 -2.1578530E-03
  1.2100000E+02 -1.8768863E-02 -2.7620577E-01  5.3795584E-01  2.0391050E-03
  1.2100000E+02  5.4956865E-03  4.6340265E-02  6.0912448E-01 -8.8514698E-03
  1.2100000E+02  6.5678258E-02  4.2692328E-01  5.2872646E-01 -6.9852779E-04
  1.2200000E+02 -8.1621610E-01 -6.0408011E-01 -1.1067306E+00 -4.7198162E-01
  1.2200000E+02 -6.2062849E-01 -9.0992020E-01 -3.7988874E-01  2.6436344E-03
  1.2200000E+02 -1.5595706E-01 -6.3894575E-01  2.8174199E-01 -4.8705990E-04
  1.2200000E+02 -2.7168498E-02 -2.8371905E-01  5.4949672E-01  4.3805994E-04
  1.2200000E+02  2.8497431E-03  4.6729919E-02  6.1949097E-01 -7.2835299E-03
  1.2200000E+02  6.3101347E-02  4.3345673E-01  5.3786960E-01  8.0637262E-04
  1.2300000E+02 -7.0393157E-01 -5.1550631E-01 -1.1193525E+00 -6.1158441E-01
  1.2300000E+02 -6.9726700E-01 -9.4216391E-01 -4.1935551E-01 -8.0188574E-03
  1.2300000E+02 -1.7808324E-01 -6.6895773E-01  2.8902570E-01  2.7563728E-03
  1.2300000E+02 -3.3831121E-02 -2.9152841E-01  5.5978054E-01 -1.3684128E-03
  1.2300000E+02  3.4318569E-04  4.6510562E-02  6.2835556E-01 -5.8668034E-03
  1.2300000E+02  5.9803393E-02  4.3914194E-01  5.4554432E-01  2.6724793E-04
  1.2400000E+02 -5.5065431E-01 -4.4023481E-01 -1.1271701E+00 -6.7333194E-01
  1.2400000E+02 -7.8660438E-01 -9.9022655E-01 -4.6685543E-01 -3.6607611E-02
  1.2400000E+02 -1.9460462E-01 -6.9941149E-01  2.9599647E-01  1.9225328E-03
  1.2400000E+02 -3.9038480E-02 -2.9949718E-01  5.6844718E-01 -2.9290194E-04
  1.2400000E+02 -1.9347638E-03  4.5743012E-02  6.3527976E-01 -4.6471994E-03
  1.2400000E+02  5.6530988E-02  4.4353069E-01  5.5086688E-01  3.9747920E-03
  1.2500000E+02 -3.4111861E-01 -3.8439826E-01 -1.1348631E+00 -8.5314208E-01
  1.2500000E+02 -7.1450764E-01 -9.9286928E-01 -5.1452710E-01 -5.3189826E-01
  1.2500000E+02 -2.0533003E-01 -7.2807977E-01  3.0132267E-01 -5.7442584E-04
  1.2500000E+02 -4.3284384E-02 -3.0771638E-01  5.7480236E-01  3.4665690E-03
  1.2500000E+02 -3.8597395E-03  4.4506832E-02  6.3970245E-01 -3.6311988E-03
  1.2500000E+02  5.3479681E-02  4.4647624E-01  5.5297527E-01  3.3654011E-03
  1.2600000E+02 -1.0018521E-01 -3.5949521E-01 -1.1392618E+00 -7.4803781E-01
  1.2600000E+02 -3.9458738E-01 -9.5023691E-01 -5.2509875E-01 -6.8205137E-01
  1.2600000E+02 -2.1087036E-01 -7.5350847E-01  3.0492312E-01  2.0825523E-03
  1.2600000E+02 -4.6687166E-02 -3.1572171E-01  5.7906211E-01  5.2271759E-03
  1.2600000E+02 -5.3588970E-03  4.2889457E-02  6.4204804E-01 -2.7851561E-03
  1.2600000E+02  5.0084460E-02  4.4764982E-01  5.5259431E-01  2.5002298E-03
  1.2700000E+02  5.3706214E-02 -3.7684580E-01 -1.1359823E+00 -4.0173162E-01
  1.2700000E+02 -6.4903349E-02 -8.9963899E-01 -4.8956919E-01 -5.3436031E-01
  1.2700000E+02 -2.1036609E-01 -7.7569562E-01  3.0575867E-01  6.0651380E-03
  1.2700000E+02 -4.8807298E-02 -3.2274523E-01  5.8055652E-01  3.3774505E-03
  1.2700000E+02 -6.3739022E-03  4.1009860E-02  6.4189675E-01 -2.0898212E-03
  1.2700000E+02  4.7301026E-02  4.4676703E-01  5.4956272E-01  2.2139515E-03
  1.2800000E+02  1.7795994E-01 -4.1857788E-01 -1.1331939E+00 -5.2502757E-01
  1.2800000E+02  2.9110899E-02 -8.8417631E-01 -4.4048039E-01 -2.7132780E-01
  1.2800000E+02 -2.0928701E-01 -7.9133209E-01  3.0461746E-01 -9.0136794E-05
  1.2800000E+02 -4.9662887E-02 -3.2835011E-01  5.7925512E-01  1.4914670E-03
  1.2800000E+02 -6.8831767E-03  3.9003732E-02  6.3916701E-01 -1.5461546E-03
  1.2800000E+02  4.4523656E-02  4.4416496E-01  5.4379726E-01 -1.6618584E-03
  1.2900000E+02  3.4891797E-01 -4.8160448E-01 -1.1315801E+00 -4.9477391E-01
  1.2900000E+02  1.0146454E-01 -8.6154206E-01 -3.9388713E-01 -4.3822836E-01
  1.2900000E+02 -2.0393586E-01 -8.0167269E-01  3.0148018E-01  1.4673625E-02
  1.2900000E+02 -4.9774614E-02 -3.3244855E-01  5.7531350E-01  1.2285453E-03
  1.2900000E+02 -6.8901706E-03  3.6999713E-02  6.3410263E-01 -1.1538419E-03
  1.2900000E+02  4.2946269E-02  4.4009140E-01  5.3589746E-01  2.5450851E-03
  1.3000000E+02  4.4310194E-01 -5.7605914E-01 -1.1344866E+00 -3.4105402E-01
  1.3000000E+02  3.0103745E-01 -8.1288453E-01 -3.4764588E-01 -4.3216860E-01
  1.3000000E+02 -1.9398613E-01 -8.0183341E-01  2.9761531E-01 -7.2196630E-02
  1.3000000E+02 -4.9629484E-02 -3.3492727E-01  5.6894223E-01  1.6613721E-03
  1.3000000E+02 -6.4367101E-03  3.5103112E-02  6.2701418E-01 -9.1385486E-04
  1.3000000E+02  4.3124425E-02  4.3404920E-01  5.2632616E-01 -5.0323635E-04
  1.3100000E+02  4.8832956E-01 -7.0549338E-01 -1.1409256E+00 -2.2118879E-01
  1.3100000E+02  4.3321581E-01 -7.7295536E-01 -3.0017358E-01 -2.6929419E-01
  1.3100000E+02 -1.2725333E-01 -7.4137351E-01  2.9301627E-01 -2.7017678E-01
  1.3100000E+02 -4.9664563E-02 -3.3587192E-01  5.6028767E-01  2.9108568E-03
  1.3100000E+02 -5.5331986E-03  3.3390838E-02  6.1763988E-01 -7.9921564E-04
  1.3100000E+02  4.3826616E-02  4.2702262E-01  5.1439673E-01 -4.5978353E-04
  1.3200000E+02  4.6175754E-01 -8.5262790E-01 -1.1620389E+00 -1.6854525E-01
  1.3200000E+02  4.6917696E-01 -7.3001425E-01 -2.6501059E-01 -1.4887752E-01
  1.3200000E+02 -5.6287056E-02 -6.6740012E-01  2.8738928E-01 -1.7553963E-01
  1.3200000E+02 -4.9946270E-02 -3.3519068E-01  5.4862273E-01  2.6040485E-03
  1.3200000E+02 -4.2097852E-03  3.1911958E-02  6.0566146E-01 -7.6099390E-04
  1.3200000E+02  4.7291514E-02  4.1809823E-01  4.9985653E-01  2.2842039E-03
  1.3300000E+02  3.8165286E-01 -9.9060226E-01 -1.2000174E+00 -9.8148012E-02
  1.3300000E+02  4.2110861E-01 -7.0798322E-01 -2.4067750E-01  6.2536417E-03
  1.3300000E+02 -2.2855431E-02 -6.1835426E-01  2.7962046E-01 -1.3353911E-01
  1.3300000E+02 -5.0562552E-02 -3.3347825E-01  5.3541421E-01  3.4365039E-03
  1.3300000E+02 -2.5118153E-03  3.0697233E-02  5.9208453E-01 -7.9250750E-04
  1.3300000E+02  5.2192784E-02  4.0834528E-01  4.8370644E-01 -1.3487065E-03
  1.3400000E+02  3.0455198E-01 -1.0863284E+00 -1.2413699E+00 -1.2087014E-01
  1.3400000E+02  3.0991515E-01 -7.1088128E-01 -2.2366128E-01  1.4330868E-02
  1.3400000E+02  2.9707959E-03 -5.6485660E-01  2.6954957E-01 -1.6756836E-01
  1.3400000E+02 -5.1991669E-02 -3.3084622E-01  5.2099423E-01  3.1961255E-03
  1.3400000E+02 -4.3670539E-04  2.9763374E-02  5.7729679E-01 -8.6916650E-04
  1.3400000E+02  5.8928872E-02  3.9806239E-01  4.6612896E-01  1.4243571E-03
  1.3500000E+02  2.2919552E-01 -1.1648051E+00 -1.2846061E+00 -1.1586768E-01
  1.3500000E+02  2.5641493E-01 -7.0641119E-01 -2.1111792E-01 -3.5649010E-02
  1.3500000E+02  2.5434325E-02 -5.0581524E-01  2.5949283E-01 -1.8507184E-01
  1.3500000E+02 -5.3704059E-02 -3.2752357E-01  5.0594468E-01  2.8401371E-03
  1.3500000E+02  1.9978533E-03  2.9129627E-02  5.6171031E-01 -9.6894116E-04
  1.3500000E+02  6.8613530E-02  3.8752347E-01  4.4819271E-01  3.6997727E-03
  1.3600000E+02  1.2437627E-01 -1.2225372E+00 -1.3302559E+00 -1.1438138E-01
  1.3600000E+02  1.9047121E-01 -7.1415693E-01 -1.9858987E-01 -2.3638639E-03
  1.3600000E+02  4.7847970E-02 -4.4694819E-01  2.5126489E-01 -2.0305101E-01
  1.3600000E+02 -5.6200457E-02 -3.2442398E-01  4.9174516E-01  5.3120837E-03
  1.3600000E+02  4.7933582E-03  2.8847089E-02  5.4664544E-01 -1.1393441E-03
  1.3600000E+02  7.9486761E-02  3.7728625E-01  4.3104292E-01  1.2265383E-03
  1.3700000E+02  2.3611901E-02 -1.2794113E+00 -1.3829662E+00 -1.3230963E-01
  1.3700000E+02  1.1353270E-01 -7.4191004E-01 -1.8410067E-01  3.4110940E-02
  1.3700000E+02  6.6836436E-02 -3.9781877E-01  2.4815989E-01 -1.7345508E-01
  1.3700000E+02 -5.9354875E-02 -3.2144339E-01  4.8004896E-01  1.8300412E-03
  1.3700000E+02  8.0234518E-03  2.8968067E-02  5.3288500E-01 -1.3949455E-03
  1.3700000E+02  9.1490686E-02  3.6723043E-01  4.1469515E-01 -1.1875223E-03
  1.3800000E+02 -9.5628289E-02 -1.3321929E+00 -1.4467259E+00 -1.1277373E-01
  1.3800000E+02  7.0589485E-02 -7.6146716E-01 -1.7026438E-01 -3.5446958E-02
  1.3800000E+02  7.5681853E-02 -3.6609496E-01  2.4852630E-01 -1.2139400E-01
  1.3800000E+02 -6.1774248E-02 -3.1837572E-01  4.7090435E-01 -3.5487085E-03
  1.3800000E+02  1.1715226E-02  2.9559629E-02  5.2142976E-01 -1.6877523E-03
  1.3800000E+02  1.0438632E-01  3.5765513E-01  4.0160301E-01 -5.6734028E-03
  1.3900000E+02 -2.1349553E-01 -1.3851386E+00 -1.5297247E+00 -1.4525749E-01
  1.3900000E+02  3.9475769E-02 -7.7547679E-01 -1.5850363E-01 -6.3380957E-02
  1.3900000E+02  7.4159776E-02 -3.5428920E-01  2.5169418E-01 -5.1166554E-02
  1.3900000E+02 -6.4120730E-02 -3.1572259E-01  4.6454741E-01  3.0383057E-03
  1.3900000E+02  1.5725763E-02  3.0694289E-02  5.1282840E-01 -2.0104308E-03
  1.3900000E+02  1.1711191E-01  3.4894499E-01  3.9246092E-01 -9.3991047E-03
  1.4000000E+02 -2.9275108E-01 -1.3902160E+00 -1.6248738E+00 -3.8367693E-01
  1.4000000E+02  4.6118793E-02 -7.7635002E-01 -1.5003001E-01 -8.6673606E-02
  1.4000000E+02  6.0791408E-02 -3.6121794E-01  2.5782578E-01  1.7596595E-02
  1.4000000E+02 -6.7343139E-02 -3.1373911E-01  4.6132134E-01  7.9824733E-03
  1.4000000E+02  2.0019821E-02  3.2392032E-02  5.0711934E-01 -2.3762703E-03
  1.4000000E+02  1.2986932E-01  3.4099499E-01  3.8664656E-01 -1.0171438E-02
  1.4100000E+02 -3.1064306E-01 -1.3490577E+00 -1.7109736E+00 -4.2486848E-01
  1.4100000E+02  4.5735180E-02 -7.8541894E-01 -1.4800622E-01 -3.0429832E-02
  1.4100000E+02  4.3279221E-02 -3.7477711E-01  2.6504403E-01  1.8775435E-02
  1.4100000E+02 -7.0106528E-02 -3.1197768E-01  4.6031439E-01 -1.6395262E-03
  1.4100000E+02  2.4546240E-02  3.4613375E-02  5.0401349E-01 -2.7675966E-03
  1.4100000E+02  1.4239299E-01  3.3375652E-01  3.8445811E-01 -1.1864743E-02
  1.4200000E+02 -3.1428529E-01 -1.2914138E+00 -1.7712439E+00 -4.4091194E-01
  1.4200000E+02  2.7113108E-02 -8.0263119E-01 -1.5151576E-01 -3.1484764E-02
  1.4200000E+02  3.1528141E-02 -3.8442842E-01  2.7224444E-01 -4.9654468E-03
  1.4200000E+02 -7.1772711E-02 -3.1022458E-01  4.6128058E-01 -6.4344342E-03
  1.4200000E+02  2.9204714E-02  3.7233084E-02  5.0334013E-01 -3.2165410E-03
  1.4200000E+02  1.5388373E-01  3.2732021E-01  3.8530426E-01 -1.4915998E-02
  1.4300000E+02 -3.4754312E-01 -1.2597665E+00 -1.8242365E+00 -4.1572378E-01
  1.4300000E+02 -1.3534105E-02 -8.3337254E-01 -1.5877979E-01  1.4233181E-02
  1.4300000E+02  1.9492367E-02 -3.9492863E-01  2.8001052E-01  9.0496669E-04
  1.4300000E+02 -7.3871494E-02 -3.0940139E-01  4.6423937E-01  3.0823805E-03
  1.4300000E+02  3.3951401E-02  4.0090718E-02  5.0461193E-01 -3.7822848E-03
  1.4300000E+02  1.6409660E-01  3.2177627E-01  3.8827963E-01 -1.7735479E-02
  1.4400000E+02 -4.1390995E-01 -1.2237197E+00 -1.8749519E+00 -3.6619740E-01
  1.4400000E+02 -4.0510330E-02 -8.5929097E-01 -1.6949449E-01 -2.8872659E-03
  1.4400000E+02  8.5522431E-03 -4.0548211E-01  2.8841125E-01 -2.2735334E-02
  1.4400000E+02 -7.6014765E-02 -3.0905982E-01  4.6882964E-01 -2.3184143E-03
  1.4400000E+02  3.8821509E-02  4.3017306E-02  5.0727994E-01 -4.3415913E-03
  1.4400000E+02  1.7312901E-01  3.1696960E-01  3.9291170E-01 -1.9953164E-02
  1.4500000E+02 -4.6998146E-01 -1.1614919E+00 -1.9318010E+00 -4.0186153E-01
  1.4500000E+02 -8.2051169E-02 -8.9204442E-01 -1.8253763E-01 -5.6471590E-03
  1.4500000E+02  5.7901088E-03 -4.1360268E-01  2.9756171E-01 -4.3946273E-02
  1.4500000E+02 -7.4234174E-02 -3.0574800E-01  4.7487541E-01 -4.3747630E-02
  1.4500000E+02  4.3864248E-02  4.5834152E-02  5.1101893E-01 -4.6964415E-03
  1.4500000E+02  1.8084751E-01  3.1264150E-01  3.9840693E-01 -2.1928806E-02
  1.4600000E+02 -5.2665816E-01 -1.0890947E+00 -1.9916070E+00 -4.4211972E-01
  1.4600000E+02 -1.2223616E-01 -9.2623339E-01 -1.9707272E-01  4.5575203E-03
  1.4600000E+02  5.1701996E-03 -4.2356211E-01  3.0810551E-01 -3.8012135E-02
  1.4600000E+02 -6.5863019E-02 -2.9720756E-01  4.8200882E-01 -9.5655205E-02
  1.4600000E+02  4.9136861E-02  4.8376906E-02  5.1535856E-01 -4.9683031E-03
  1.4600000E+02  1.8720901E-01  3.0851626E-01  4.0462002E-01 -2.4067744E-02
  1.4700000E+02 -5.6783232E-01 -1.0094406E+00 -2.0573831E+00 -4.9825058E-01
  1.4700000E+02 -1.5927201E-01 -9.6163499E-01 -2.1340020E-01 -6.7622864E-03
  1.4700000E+02  1.0924913E-02 -4.3112252E-01  3.1995904E-01 -6.9689757E-02
  1.4700000E+02 -5.2942128E-02 -2.8624826E-01  4.9008306E-01 -1.1521026E-01
  1.4700000E+02  5.4723229E-02  5.0551419E-02  5.2008902E-01 -5.4500285E-03
  1.4700000E+02  1.9220347E-01  3.0449680E-01  4.1126184E-01 -2.8185397E-02
  1.4800000E+02 -5.7556484E-01 -9.1523963E-01 -2.1216086E+00 -5.4827445E-01
  1.4800000E+02 -2.0043859E-01 -1.0068961E+00 -2.3094219E-01 -3.0003032E-03
  1.4800000E+02  2.7984675E-02 -4.3503460E-01  3.3272046E-01 -8.3268223E-02
  1.4800000E+02 -4.0874413E-02 -2.7852706E-01  4.9858425E-01 -8.5654783E-02
  1.4800000E+02  6.0686625E-02  5.2336303E-02  5.2476569E-01 -6.0627154E-03
  1.4800000E+02  1.9567972E-01  3.0051061E-01  4.1788684E-01 -3.5804059E-02
  1.4900000E+02 -5.4046142E-01 -8.1938415E-01 -2.1823153E+00 -6.2518700E-01
  1.4900000E+02 -2.3868540E-01 -1.0618377E+00 -2.4856110E-01  7.9065677E-03
  1.4900000E+02  3.9576624E-02 -4.4588427E-01  3.4599795E-01 -3.2913100E-02
  1.4900000E+02 -3.3796128E-02 -2.7674063E-01  5.0685767E-01 -3.7042168E-02
  1.4900000E+02  6.7023243E-02  5.3711686E-02  5.2884994E-01 -6.4609271E-03
  1.4900000E+02  1.9736390E-01  2.9638713E-01  4.2402105E-01 -4.8557408E-02
  1.5000000E+02 -4.6853044E-01 -7.3450007E-01 -2.2360592E+00 -6.2882694E-01
  1.5000000E+02 -2.7174352E-01 -1.1292526E+00 -2.6502354E-01  7.3445507E-03
  1.5000000E+02  3.9748655E-02 -4.6541556E-01  3.5820986E-01 -6.6041396E-03
  1.5000000E+02 -3.0596533E-02 -2.7820202E-01  5.1414836E-01 -1.6534399E-02
  1.5000000E+02  7.3664609E-02  5.4624263E-02  5.3203181E-01 -6.6866568E-03
  1.5000000E+02  1.9685213E-01  2.9194713E-01  4.2965804E-01 -6.6417275E-02
