1850,00.00,01.13,01.00,00.09,00.00,00.68,00.00,00.00,00.00,00.19,02.82,01.93
1851,00.03,01.51,00.34,00.87,00.71,00.01,00.00,00.00,00.02,00.01,00.25,03.74
1852,00.58,01.84,01.87,00.85,00.32,00.00,00.00,00.40,00.00,00.06,01.45,04.50
1853,00.50,00.20,01.52,00.25,02.10,00.05,00.00,00.21,00.00,00.00,01.28,01.77
1854,00.99,02.56,01.88,00.89,00.18,00.01,00.07,01.36,00.09,00.27,00.04,03.29
1855,01.97,03.59,01.30,01.52,00.06,00.00,00.00,00.04,00.00,00.11,02.15,00.41
1856,01.27,01.86,01.59,02.17,00.29,00.00,00.00,00.00,00.07,00.00,01.22,01.30
1857,00.26,01.76,00.00,00.04,00.08,00.03,00.00,00.02,00.01,00.49,02.16,01.30
1858,01.52,00.44,01.24,00.17,00.00,00.19,00.00,00.04,00.10,00.47,00.28,03.10
1859,00.00,01.89,00.20,00.36,00.17,00.00,00.02,00.00,00.00,00.18,01.49,01.79
1860,00.72,01.49,00.15,00.65,00.04,00.05,00.14,00.00,00.00,00.00,02.88,02.99
1861,00.82,00.79,00.05,00.04,00.00,00.19,00.00,00.00,01.59,00.05,01.19,03.20
1862,05.56,01.39,00.97,01.05,00.16,00.48,00.11,00.00,00.00,00.89,00.05,00.93
1863,00.32,01.09,00.33,00.13,00.02,00.00,00.00,00.00,00.36,00.00,00.73,00.04
1864,00.04,02.50,00.20,00.01,01.25,00.01,00.11,00.00,00.00,00.04,02.41,01.04
1865,01.28,03.00,00.00,00.56,00.00,00.01,01.29,00.00,00.00,00.02,00.52,00.84
1866,05.05,03.43,01.47,00.11,00.09,00.00,00.00,00.10,00.00,00.00,00.24,01.82
1867,01.32,00.85,07.88,00.48,00.04,00.00,00.00,00.30,00.00,00.34,00.45,03.06
1868,03.37,01.63,00.73,01.20,00.15,00.00,00.51,00.00,00.05,00.00,02.00,01.52
1869,02.88,01.88,01.98,00.53,00.33,00.00,00.05,00.00,00.00,00.05,02.32,00.94
1870,00.54,00.77,00.33,00.20,00.28,00.00,00.04,00.07,00.00,01.54,00.18,00.42
1871,00.52,01.35,00.01,00.70,00.34,00.00,00.00,00.00,00.00,00.00,01.33,01.39
1872,00.99,01.63,00.46,00.26,00.12,00.00,00.00,00.18,00.00,00.00,00.00,01.43
1873,00.44,04.21,00.11,00.10,00.03,00.00,00.00,01.95,00.00,00.00,00.77,05.46
1874,03.11,03.73,01.20,00.34,00.32,00.00,00.12,00.00,00.13,00.53,00.88,00.55
1875,02.38,00.37,00.45,00.12,00.20,00.02,00.00,00.21,00.39,00.00,02.25,00.41
1876,02.47,02.44,01.78,00.06,00.05,00.05,00.03,00.06,00.03,00.08,00.04,00.15
1877,01.05,00.18,01.44,00.26,00.43,00.00,00.00,00.00,00.00,00.81,00.06,03.89
1878,01.45,04.83,01.41,02.91,00.58,00.16,00.00,00.00,00.00,00.96,00.00,01.57
1879,03.54,01.04,00.10,00.60,00.00,00.07,00.00,00.00,00.00,00.29,02.77,06.32
1880,00.61,01.50,01.43,01.34,00.06,00.06,00.09,00.32,00.00,00.53,00.28,04.15
1881,00.52,00.45,01.88,01.35,00.04,00.05,00.00,00.01,00.04,00.24,00.12,00.30
1882,04.53,02.55,01.02,00.45,00.18,00.07,00.00,00.00,00.01,00.41,00.39,00.13
1883,01.09,00.95,00.41,00.31,01.14,00.08,00.00,00.00,00.00,02.01,00.20,01.82
1884,01.34,09.05,06.23,02.84,02.17,00.31,00.00,00.00,00.07,00.35,00.11,05.12
1885,00.35,00.02,00.78,01.20,00.61,00.06,00.00,00.13,00.00,00.31,01.56,00.71
1886,06.95,01.51,03.73,01.95,00.04,00.07,00.00,00.00,00.00,00.05,00.95,00.10
1887,00.04,04.51,00.02,02.14,00.47,00.04,00.01,00.00,00.00,00.00,02.08,01.14
1888,01.96,01.48,02.79,00.10,00.22,00.04,00.01,00.00,00.04,00.26,01.83,02.84
1889,01.72,01.80,02.20,00.19,00.03,00.10,00.00,00.04,00.00,02.12,00.12,07.71
1890,02.79,01.70,00.41,00.05,00.08,00.00,00.00,00.00,00.65,00.01,00.72,01.61
1891,01.21,04.84,00.27,00.76,00.35,00.05,00.00,00.00,00.08,00.04,00.10,01.29
1892,01.58,02.96,00.96,00.41,01.15,00.13,00.00,00.05,00.00,00.22,00.94,00.69
1893,00.78,00.47,05.50,00.22,00.39,00.00,00.00,00.00,00.00,00.11,00.91,01.91
1894,00.29,00.49,01.05,00.11,00.09,00.01,00.00,00.04,00.01,00.00,00.00,02.26
1895,07.33,00.53,01.43,00.11,00.19,00.00,00.00,00.00,00.01,00.27,01.19,00.27
1896,01.27,00.02,02.89,00.25,00.03,00.01,00.00,00.13,00.00,00.97,00.98,02.18
1897,03.13,02.72,01.53,00.02,00.12,00.00,00.01,00.00,00.00,01.06,00.02,00.32
1898,01.71,00.06,00.91,00.22,00.66,00.02,00.00,00.00,00.07,00.00,00.15,00.87
1899,02.34,00.30,00.85,00.29,00.10,00.27,00.00,00.07,00.00,00.35,00.86,00.65
1900,00.69,00.03,00.53,01.26,01.45,00.08,00.00,00.00,00.00,00.39,01.43,00.00
1901,02.08,04.77,01.07,00.01,00.77,00.02,00.00,00.00,00.06,00.28,00.41,00.02
1902,01.70,01.57,01.86,00.21,00.06,00.00,00.92,00.00,00.00,00.06,01.53,03.58
1903,00.69,02.27,01.17,01.40,00.14,00.00,00.00,00.00,00.00,00.07,00.00,00.35
1904,00.04,01.50,02.17,00.15,00.12,00.00,00.00,00.00,00.00,00.17,00.00,02.46
1905,02.16,05.90,02.98,00.30,00.35,00.00,00.16,00.00,00.50,00.25,03.38,00.38
1906,00.98,02.62,04.68,00.98,00.72,00.03,00.00,00.10,00.12,00.03,00.62,04.02
1907,03.27,00.45,01.62,00.13,00.07,00.19,00.03,00.00,00.00,01.71,00.05,00.43
1908,02.80,02.41,00.61,00.35,00.16,00.00,00.00,00.64,00.20,00.15,01.00,00.27
1909,03.57,01.76,02.62,00.02,00.00,00.00,00.00,00.00,00.02,00.00,02.39,03.76
1910,02.00,00.19,01.30,00.08,00.05,00.00,00.01,00.05,00.17,01.35,00.40,00.15
1911,03.35,04.92,00.92,00.65,00.01,00.01,00.12,00.00,00.10,00.28,00.02,01.39
1912,00.66,00.00,05.72,02.13,00.17,00.16,00.14,00.26,00.00,00.89,00.40,00.03
1913,01.19,02.40,00.42,00.08,00.07,00.09,00.06,00.02,00.02,00.00,02.23,00.72
1914,03.59,01.90,00.36,00.85,00.08,00.00,00.00,00.00,00.00,01.05,00.86,02.21
1915,04.91,03.62,00.33,01.15,00.28,00.00,00.00,00.00,00.00,00.00,00.73,02.60
1916,07.56,00.66,00.98,00.01,00.01,00.00,00.02,00.01,00.25,00.87,00.05,01.14
1917,04.32,01.84,00.26,01.06,00.31,00.00,00.00,00.00,00.00,00.17,00.08,00.00
1918,01.64,01.52,04.57,00.00,00.00,00.06,00.00,00.11,00.08,00.42,01.91,00.00
1919,00.61,01.46,01.83,00.30,00.34,00.00,00.00,00.01,00.26,01.04,00.43,00.48
1920,00.43,02.87,02.46,00.47,00.44,00.02,00.00,00.01,00.08,00.18,00.19,00.54
1921,02.02,00.35,01.13,00.04,02.54,00.00,00.00,00.00,01.24,00.67,00.30,09.26
1922,03.45,01.86,01.34,00.17,00.36,00.00,00.01,00.00,00.00,00.09,00.75,01.21
1923,01.34,01.53,00.34,01.05,00.00,00.04,00.01,00.00,00.03,00.37,00.16,01.65
1924,00.26,00.00,02.41,00.77,00.00,00.00,00.00,00.00,00.00,00.35,00.55,01.34
1925,00.08,00.30,01.78,01.11,00.15,00.15,00.00,00.01,00.00,03.67,01.16,01.50
1926,00.78,02.33,00.82,05.37,00.01,00.01,00.00,00.05,00.00,00.21,00.59,03.89
1927,00.32,06.68,02.05,00.71,00.12,00.12,00.00,00.01,00.04,01.76,00.05,04.57
1928,00.21,00.79,00.69,00.14,00.36,00.09,00.00,00.03,00.00,00.14,00.63,02.42
1929,00.90,01.14,01.22,00.57,00.05,00.00,00.00,00.00,00.26,00.00,00.00,00.00
1930,03.90,00.66,03.02,01.06,01.81,00.02,00.00,00.00,00.00,00.22,01.04,00.00
1931,03.72,04.11,00.06,01.38,00.24,00.01,00.00,00.08,00.00,00.05,01.95,03.56
1932,01.45,05.15,00.42,00.50,00.01,00.01,00.00,00.00,00.00,01.10,00.30,02.40
1933,04.32,00.02,00.13,01.75,00.53,00.08,00.02,00.01,00.02,00.16,00.03,01.10
1934,00.30,01.88,00.24,00.01,00.02,00.47,00.00,00.02,00.18,00.42,01.95,03.38
1935,02.15,04.54,01.42,01.02,00.02,00.00,00.00,00.18,00.01,00.05,00.07,00.74
1936,00.75,05.18,00.92,00.48,00.00,00.01,00.01,00.28,00.04,01.86,00.44,04.45
1937,01.52,04.22,02.65,00.13,00.32,00.01,00.16,00.00,00.00,00.00,00.02,01.06
1938,00.89,03.26,03.73,00.44,00.15,00.01,00.00,00.03,00.00,00.23,00.02,04.25
1939,02.38,01.23,01.17,00.47,00.01,00.00,00.00,00.00,03.14,00.62,01.13,00.54
1940,02.15,03.56,00.82,00.46,00.00,00.00,00.00,00.00,00.08,01.50,00.49,06.09
1941,02.03,05.31,05.89,03.35,00.00,00.00,00.06,00.03,00.28,02.90,02.23,02.85
1942,00.21,01.06,01.91,01.40,00.11,00.01,00.00,00.00,00.00,00.27,00.27,00.69
1943,06.26,01.40,01.66,00.52,00.02,00.01,00.00,00.00,00.04,00.20,00.03,07.60
1944,01.22,03.65,00.80,00.61,00.22,00.10,00.00,00.00,00.00,00.00,04.93,01.53
1945,00.42,01.91,02.03,00.03,00.04,00.15,00.00,00.87,00.03,00.00,00.13,03.62
1946,00.89,00.60,02.67,00.52,00.01,00.00,00.00,00.00,00.00,00.34,02.53,01.18
1947,00.35,00.43,00.97,00.36,00.17,00.00,00.00,00.00,00.18,00.08,00.72,03.02
1948,00.00,01.07,01.60,00.13,00.01,00.02,00.00,00.00,00.00,01.32,00.10,02.38
1949,03.56,01.81,00.75,00.09,00.41,00.00,00.00,00.00,00.00,00.23,01.16,00.86
1950,03.31,01.62,01.00,00.28,00.09,00.00,00.08,00.00,00.00,00.01,01.23,00.05
1951,01.60,00.50,00.50,01.95,00.00,00.00,00.00,00.85,00.04,00.68,01.23,03.87
1952,04.24,00.60,04.97,01.54,00.00,00.14,00.00,00.00,00.00,00.00,01.83,02.20
1953,00.58,00.58,00.79,00.33,00.09,00.14,00.00,00.00,00.00,00.07,00.80,00.03
1954,02.76,01.03,04.31,00.09,00.01,00.03,00.00,00.00,00.00,00.00,00.74,00.55
1955,03.59,00.56,00.38,00.90,00.49,00.00,00.00,00.11,00.00,00.00,00.55,00.33
1956,01.65,00.22,00.00,01.56,00.10,00.00,00.00,00.00,00.00,00.68,00.00,00.18
1957,04.80,00.50,00.75,00.84,00.88,00.26,00.00,00.00,00.37,01.76,00.59,01.38
1958,00.62,03.15,03.98,01.65,00.40,00.00,00.00,00.00,00.62,00.01,00.44,00.06
1959,00.08,03.76,00.00,00.31,00.00,00.00,00.00,00.00,00.04,00.23,00.02,01.44
1960,02.99,01.45,00.55,00.56,00.17,00.00,00.00,00.00,00.06,00.04,01.01,00.22
1961,01.21,00.06,00.85,00.00,00.01,00.00,00.00,00.04,00.00,00.20,00.79,01.45
1962,02.71,03.08,00.64,00.01,00.62,00.09,00.00,00.00,00.00,00.01,00.01,00.22
1963,00.11,01.22,01.33,00.71,00.09,00.28,00.00,00.00,01.90,00.13,01.85,00.10
1964,01.30,00.37,00.97,00.20,00.15,00.08,00.00,00.00,00.00,00.02,01.01,01.17
1965,00.40,00.52,01.79,03.58,00.00,00.01,00.02,00.00,00.29,00.00,05.82,06.60
1966,01.29,00.86,00.17,00.00,00.02,00.00,00.00,00.00,00.00,00.80,00.82,03.22
1967,02.20,00.00,01.14,02.24,00.05,00.16,00.01,00.14,00.08,00.00,03.53,01.66
1968,00.35,00.22,01.55,00.34,00.08,00.00,00.13,00.00,00.00,00.04,00.36,00.61
1969,04.78,04.34,00.94,00.21,00.17,00.02,00.00,00.01,00.00,00.04,00.79,00.46
1970,00.86,02.58,01.50,00.09,00.01,00.00,00.00,00.00,00.00,00.07,02.05,02.22
1971,00.30,01.27,00.20,00.93,00.95,00.01,00.00,00.03,00.00,01.66,00.06,03.27
1972,00.07,00.10,00.00,00.02,00.10,00.38,00.00,00.02,00.44,00.58,03.16,01.61
1973,01.68,01.63,02.26,00.05,00.00,00.00,00.00,00.00,00.02,00.01,01.63,00.19
1974,02.96,00.04,01.70,00.02,00.01,00.02,00.01,00.00,00.00,01.03,00.14,02.20
1975,00.49,00.96,03.79,02.00,00.01,00.02,00.00,00.00,00.00,00.09,00.64,00.37
1976,00.00,05.40,00.99,01.33,00.27,00.02,00.02,00.01,01.00,00.38,00.75,01.06
1977,02.36,00.06,00.61,00.01,01.79,00.03,00.00,02.13,00.00,00.50,00.05,01.67
1978,05.95,02.64,05.00,00.73,00.04,00.00,00.00,00.00,00.72,00.05,02.09,02.19
1979,05.82,00.85,03.71,00.02,00.09,00.01,00.09,00.01,00.00,00.73,00.27,00.02
1980,05.58,04.47,02.71,01.18,00.65,00.01,00.00,00.00,00.00,00.05,00.00,00.31
1981,01.48,02.26,03.74,00.22,00.04,00.00,00.00,00.00,00.03,00.14,01.79,00.54
1982,02.71,00.88,04.74,00.62,00.01,00.04,00.00,00.00,00.38,00.05,02.10,01.43
1983,02.10,03.88,06.57,01.74,00.01,00.00,00.01,00.39,00.21,00.40,01.94,01.53
1984,00.46,00.09,00.04,00.62,00.00,00.04,00.19,00.06,00.00,00.29,02.37,04.55
1985,00.52,00.77,00.58,00.32,00.00,00.00,00.00,00.00,00.20,00.29,04.92,01.06
1986,00.75,02.59,03.12,01.17,00.00,00.00,00.01,00.00,01.04,01.39,01.16,00.95
1987,01.68,01.53,01.04,00.78,00.03,00.00,00.03,00.01,00.70,01.74,01.33,02.73
1988,00.89,01.37,00.59,03.71,00.08,00.00,00.00,00.00,00.00,00.00,01.39,02.23
1989,00.42,00.70,00.69,00.12,00.04,00.06,00.00,00.00,00.23,00.47,00.09,01.01
1990,02.52,01.13,00.25,00.76,00.51,00.87,00.00,00.01,00.00,00.00,00.65,00.59
1991,01.06,02.46,06.96,00.05,00.01,00.00,00.24,00.01,00.28,00.69,00.05,01.70
1992,01.81,03.34,04.42,00.28,00.07,00.04,00.03,00.05,00.00,00.18,00.03,02.56
1993,09.09,04.73,01.22,00.00,00.01,00.41,00.03,00.00,00.00,00.22,00.77,00.78
1994,00.70,02.75,03.67,00.93,00.07,00.00,00.03,00.01,00.00,00.01,00.46,00.80
1995,08.06,01.93,03.81,00.96,00.59,00.46,00.05,00.00,00.00,00.00,00.30,00.88
1996,01.52,00.88,01.10,00.36,00.02,00.00,00.09,00.00,00.03,00.94,01.70,00.63
1997,03.02,00.31,00.00,00.28,00.00,00.00,00.00,00.00,00.85,00.02,01.17,01.35
1998,02.68,07.65,02.21,01.11,00.64,00.10,00.20,00.00,00.03,00.08,00.69,00.66
1999,01.54,00.70,01.09,01.62,00.06,00.04,00.00,00.00,00.02,00.00,00.04,00.32
2000,00.17,03.67,01.00,00.54,00.00,00.00,00.00,00.01,00.00,01.24,00.26,00.01
2001,03.28,02.38,00.63,00.76,00.01,00.00,00.00,00.00,00.00,00.00,00.95,00.46
2002,00.32,00.17,00.46,00.63,00.00,00.00,00.00,00.00,00.31,00.04,00.32,01.98
2003,00.02,04.88,01.36,01.41,00.30,00.00,00.00,00.00,00.00,00.00,00.60,00.61
2004,00.34,02.81,00.22,00.60,00.00,00.00,00.00,00.00,00.00,04.98,00.33,04.01
2005,04.49,05.83,02.12,00.59,00.12,00.02,00.01,00.00,00.10,00.46,00.12,00.25
2006,00.36,01.11,01.36,00.88,01.41,00.00,00.04,00.01,00.00,00.76,00.15,00.71
2007,00.51,01.12,00.09,00.46,00.00,00.00,00.00,00.00,00.05,00.37,00.97,00.80
2008,03.34,01.21,00.26,00.00,00.23,00.02,00.00,00.00,00.00,00.18,02.49,03.38
2009,00.08,02.63,00.18,00.14,00.04,00.03,00.00,00.00,00.00,00.00,00.12,02.28
2010,03.38,02.28,00.68,01.78,00.01,00.02,00.02,00.00,00.03,02.18,00.88,05.00
2011,00.30,02.10,01.46,00.26,00.36,00.03,00.00,00.00,00.13,00.46,03.12,00.86
2012,00.40,01.19,00.97,00.88,00.02,00.00,00.00,00.00,00.00,00.70,00.28,02.19
2013,01.21,00.63,01.22,00.01,00.26,00.00,00.05,00.00,00.00,00.25,01.48,00.46
2014,00.01,01.00,01.28,00.53,00.00,00.00,00.00,00.08,00.00,00.00,00.37,04.50
2015,00.42,00.28,00.93,00.02,02.39,00.04,01.71,00.01,01.24,00.43,01.54,00.88
2016,03.21,00.05,00.76,00.55,00.44,00.00,00.00,00.00,00.32,00.07,00.61,04.22
2017,03.01,03.71,00.08,00.01,00.92,00.02,00.00,00.00,00.08,00.00,00.02,00.07
2018,01.78,00.36,00.95,00.02,00.12,00.00,00.00,00.02,00.00,00.57,00.81,03.02
2019,02.80,03.42,01.23,00.16,00.80,00.01,00.00,00.00,00.11,00.00,02.72,04.03
2020,00.48,00.38,02.15,03.68,00.02,00.14,00.00,00.00,00.00,00.12,00.26,00.60
2021,01.80,00.10,01.48,00.07,00.07,00.01,00.00,00.23,00.50,01.01,00.00,02.52
